This file was generated by export.m on 31-May-2016 14:53:27
while on branch 'marius' at commit 5493fd1d0.

inpath: C:\Data\Marius\2015\150423\frame20x_Ph_chipI_chan3-2h.BTF
dimensions: 1um = 3.099px (20.0x) and 1sec = 20.0frames.
trackParams:
    maxdisp: 11
        mem: 0
        dim: 2
       good: 10
      quiet: 1

filterPreTrack:
    Area: [24.9699 149.8193]

filterPostTrack:
          length: [30 400]
    displacement: [30.9900 Inf]


======================================================================
x	y	time	index	isturn
955.29	147.74	1453	239	0
954.65	145.62	1454	239	0
953.12	143.03	1455	239	0
952.24	140.9	1456	239	0
950.98	137.33	1457	239	0
949.1	134.02	1458	239	0
947.59	131	1459	239	0
946.17	128.4	1460	239	0
945.85	126.68	1461	239	0
944.61	124.85	1462	239	0
943.17	122	1463	239	0
942.49	119.86	1464	239	0
942.69	117.31	1465	239	0
943.21	116.16	1466	239	0
943.82	115.69	1467	239	0
944.33	114.42	1468	239	0
944.33	114.03	1469	239	0
944.49	114.67	1470	239	0
943.5	114.03	1471	239	0
942.08	113.28	1472	239	0
941.73	112.15	1473	239	0
940.95	111.45	1474	239	1
939.41	110.97	1475	239	1
938.59	110.89	1476	239	1
937.79	110.74	1477	239	1
937.67	111.83	1478	239	1
940.49	115.91	1479	239	0
943.31	119.51	1480	239	0
945.04	122.96	1481	239	0
947.46	125.8	1482	239	0
949.78	129.49	1483	239	0
951.7	133.62	1484	239	0
954.59	137.65	1485	239	0
958.32	141.78	1486	239	0
961.08	144.86	1487	239	0
964.67	148.45	1488	239	0
968.42	152.52	1489	239	0
971.83	156.69	1490	239	0
975.15	160.29	1491	239	0
977.58	163.97	1492	239	0
980.42	166.42	1493	239	0
984.38	169.21	1494	239	1
984.81	169.19	1495	239	1
983.79	167.97	1496	239	0
982.76	166.64	1497	239	0
983.19	165.81	1498	239	0
982.5	164.5	1499	239	0
981.5	163.5	1500	239	0
980	162.5	1501	239	0
979	161.5	1502	239	0
977.27	159.2	1503	239	0
975.5	157	1504	239	0
974.06	153.45	1505	239	0
973.15	150.27	1506	239	0
972.78	147	1507	239	0
973	144	1508	239	0
973.1	141.17	1509	239	0
973.45	138.17	1510	239	0
975	136	1511	239	0
976	133	1512	239	0
977.35	129.81	1513	239	0
979.28	127.34	1514	239	0
981.59	125.06	1515	239	0
984.37	122.9	1516	239	0
987.5	120.5	1517	239	0
989.81	119.35	1518	239	0
991.81	118.35	1519	239	0
993.38	116.91	1520	239	0
995.24	114.76	1521	239	0
997.36	113.21	1522	239	0
999.49	112.22	1523	239	1
1001.4	112.4	1524	239	1
997.09	116.47	1525	239	0
991.93	121.49	1526	239	0
987.74	126.67	1527	239	0
982.84	130.84	1528	239	0
978.52	135.63	1529	239	0
975.44	139.97	1530	239	0
972.92	142.86	1531	239	0
970.13	146.26	1532	239	0
968	149.5	1533	239	0
965.67	153.93	1534	239	0
962.09	158.47	1535	239	0
957.76	163.67	1536	239	0
953.77	166.72	1537	239	1
951.02	167.07	1538	239	1
953.32	166.85	1539	239	0
956.03	166.31	1540	239	0
958.26	164.47	1541	239	0
961.3	162.38	1542	239	0
964.16	160.24	1543	239	0
966.5	158	1544	239	0
969	154.59	1545	239	0
971.5	151.25	1546	239	0
973.91	149.48	1547	239	0
976.73	147.3	1548	239	0
979.16	145.16	1549	239	0
981.03	143.4	1550	239	0
982.5	142	1551	239	0
984.11	140.79	1552	239	0
986	139.21	1553	239	0
987.55	138.5	1554	239	0
989.51	137.58	1555	239	0
992.02	136.41	1556	239	0
994.43	134.98	1557	239	0
995.71	133.57	1558	239	0
997.74	131.46	1559	239	0
1000.4	129.78	1560	239	0
1002.1	128.58	1561	239	0
1003.9	127.53	1562	239	0
1005.2	126.31	1563	239	0
1006	124.47	1564	239	0
1007.8	123.37	1565	239	0
1009.6	120.96	1566	239	0
1010.7	119.1	1567	239	0
1012.8	117.29	1568	239	0
1015.4	115.74	1569	239	0
1018	114.26	1570	239	0
1020.1	114.04	1571	239	0
1021	113.43	1572	239	0
1024	111.43	1573	239	1
1025.2	110.68	1574	239	1
1023.3	114.85	1575	239	0
1021.2	121.3	1576	239	0
1019.4	127.37	1577	239	0
1017.3	133.32	1578	239	0
1015.7	139.15	1579	239	0
1013.5	145.15	1580	239	0
1011.8	150.86	1581	239	0
1009.2	156	1582	239	0
1006.6	160.35	1583	239	0
1005.9	163.53	1584	239	0
1003.1	168.14	1585	239	0
1001.2	174.2	1586	239	0
997.69	179.59	1587	239	0
994.33	183.27	1588	239	1
995.3	181.66	1589	239	0
997.16	179.46	1590	239	0
998.53	176.18	1591	239	0
1000.5	173.5	1592	239	0
1003.1	171.98	1593	239	0
1005.1	169.26	1594	239	0
1007.6	166.55	1595	239	0
1009.7	163.85	1596	239	0
1012.7	161.87	1597	239	0
1015.7	159.24	1598	239	0
1017	156.81	1599	239	0
1018.3	154.19	1600	239	0
1020	151.81	1601	239	0
1020.9	148.64	1602	239	0
1021.6	146.07	1603	239	0
1021.5	143.8	1604	239	0
1022.1	141.97	1605	239	0
1022.7	139.5	1606	239	1
1022.6	137.86	1607	239	1
1022.4	138.96	1608	239	0
1021.8	145.07	1609	239	0
1021.1	150.54	1610	239	0
1019.7	156.31	1611	239	0
1018.6	162.15	1612	239	0
1017.6	167.06	1613	239	0
1016.8	173.17	1614	239	0
1016.9	180.14	1615	239	0
1014.8	185.6	1616	239	0
1011.5	190.7	1617	239	0
1007.1	195.87	1618	239	0
1004.3	201.33	1619	239	0
1001.8	204.94	1620	239	1
1002.7	203.46	1621	239	0
1004.6	199.94	1622	239	0
1006.9	196.42	1623	239	0
1008.9	194.23	1624	239	0
1008.8	192.12	1625	239	0
1009.5	189	1626	239	0
1011.2	186.35	1627	239	0
1012.8	183.75	1628	239	0
1014.9	181.69	1629	239	0
1017.9	179.94	1630	239	0
1021.2	178.59	1631	239	0
1023.4	178.18	1632	239	0
1024.7	177.14	1633	239	0
1026.5	176.73	1634	239	0
1029.3	176	1635	239	0
1031.8	176.04	1636	239	0
1034	175.17	1637	239	0
1036	174.37	1638	239	0
1038.5	173.55	1639	239	0
1040.4	173.75	1640	239	0
1042.5	173.02	1641	239	0
1044.3	173.3	1642	239	0
1046.6	173	1643	239	0
1049	172.31	1644	239	0
1052	172.16	1645	239	0
1055.9	171.51	1646	239	0
1059.5	171.37	1647	239	0
1063.1	171.94	1648	239	0
1067	172.73	1649	239	1
1068.8	173.65	1650	239	1
1068.1	172.39	1651	239	1
1063.2	168.93	1652	239	0
1057.7	164.21	1653	239	0
1056.1	163.53	1654	239	1
1058.1	165.6	1655	239	0
1059.9	167.36	1656	239	0
1062.2	169.44	1657	239	0
1065.2	171.71	1658	239	0
1067.4	174.64	1659	239	0
1069.5	177.22	1660	239	0
1071.7	179.9	1661	239	0
1074.2	182.25	1662	239	0
1076.7	184.1	1663	239	0
1079.1	185.42	1664	239	1
1080	184.36	1665	239	1
1076.6	179.58	1666	239	0
1073.2	173.47	1667	239	0
1069.8	168.15	1668	239	0
1067.8	162.2	1669	239	0
1065.8	155.33	1670	239	0
1063	149.73	1671	239	0
1061.4	145.21	1672	239	0
1059.6	139.67	1673	239	0
1057	135	1674	239	0
1052.8	129.81	1675	239	0
1048.2	126.14	1676	239	0
1044.1	122.74	1677	239	0
1040	120	1678	239	0
1035.6	117.59	1679	239	0
1032.8	117.19	1680	239	1
1034.8	117.05	1681	239	0
1037.6	117.73	1682	239	0
1039.8	118.78	1683	239	0
1041.7	120.55	1684	239	0
1044.8	121.9	1685	239	0
1047.4	123.17	1686	239	0
1049.3	124.68	1687	239	0
1051	125	1688	239	0
1052	125.5	1689	239	0
1053.3	126.61	1690	239	0
1054.9	128.15	1691	239	0
1056	130.41	1692	239	0
1057.9	131.87	1693	239	0
1058.9	133.78	1694	239	0
1059.1	134.59	1695	239	1
1057.1	132.41	1696	239	0
1055.6	129.86	1697	239	1
1056.1	131.47	1698	239	0
1057	134.5	1699	239	0
1057	136.91	1700	239	0
1057.6	140.38	1701	239	0
1057.9	141.59	1702	239	0
1057.9	142.48	1703	239	0
1057.2	143.14	1704	239	1
1057.9	143.12	1705	239	0
1058.1	142.57	1706	239	0
1060	143.22	1707	239	1
1060	142.79	1708	239	0
1058.9	142.71	1709	239	1
1059.2	143	1710	239	0
1060	143.5	1711	239	1
1059.6	143.76	1712	239	1
1060	142.76	1713	239	0
1060.8	142	1714	239	0
1061.3	142.79	1715	239	0
218.5	1275.5	1502	240	0
221.41	1273	1503	240	0
224.73	1269.6	1504	240	0
228.85	1266.7	1505	240	0
232.45	1263.6	1506	240	0
235.79	1259.5	1507	240	0
239.53	1255.9	1508	240	0
242.48	1252.6	1509	240	1
241.81	1252.6	1510	240	1
239.5	1255.7	1511	240	0
237.61	1259.3	1512	240	0
235.88	1262.6	1513	240	0
233.5	1267	1514	240	0
233.5	1271.4	1515	240	0
232.42	1276	1516	240	0
232.65	1279.8	1517	240	0
234.41	1285.8	1518	240	0
233.61	1291.3	1519	240	0
233.49	1296.9	1520	240	0
233.39	1302.3	1521	240	0
234.07	1305.5	1522	240	0
234.13	1308.1	1523	240	0
235.32	1310.9	1524	240	0
235.87	1313.3	1525	240	0
235.89	1316	1526	240	0
236.33	1319.4	1527	240	0
237.6	1323.1	1528	240	0
238.19	1326.3	1529	240	0
238.6	1329.7	1530	240	0
239.93	1332.6	1531	240	0
240.74	1335.9	1532	240	0
240.48	1339	1533	240	0
240.4	1341.4	1534	240	0
240.78	1344.7	1535	240	0
241.59	1347.2	1536	240	0
242.26	1349.9	1537	240	1
242.49	1348.9	1538	240	1
240.71	1342.8	1539	240	0
239.93	1337.4	1540	240	0
238.42	1330.7	1541	240	0
238.09	1325.2	1542	240	0
237.51	1319.4	1543	240	0
236.36	1311.2	1544	240	0
235.5	1304.5	1545	240	0
234.28	1297.8	1546	240	0
233	1292	1547	240	0
231.86	1285.5	1548	240	0
229.42	1279.5	1549	240	0
226.56	1273.8	1550	240	0
224.57	1267.4	1551	240	0
222.35	1261.7	1552	240	0
220.73	1256.1	1553	240	0
218.34	1250.2	1554	240	0
217	1244.1	1555	240	0
216	1237.7	1556	240	0
215.64	1231.3	1557	240	0
215.22	1225.1	1558	240	0
216.5	1218.8	1559	240	0
217.67	1210.8	1560	240	0
219.71	1203.9	1561	240	0
221.35	1197.1	1562	240	0
222.63	1189	1563	240	0
225.13	1183.4	1564	240	0
228.04	1176.8	1565	240	0
231.63	1170.9	1566	240	0
234.89	1166.2	1567	240	0
237.33	1160.7	1568	240	0
240.15	1156.7	1569	240	1
239.57	1158.4	1570	240	0
237.42	1161.5	1571	240	0
235.2	1163.6	1572	240	0
232.87	1166.1	1573	240	0
232.24	1169.2	1574	240	0
230.58	1173.1	1575	240	0
229.31	1176	1576	240	0
228.62	1178.6	1577	240	0
226.52	1180.4	1578	240	0
224.5	1182.2	1579	240	0
221.91	1185	1580	240	0
220.28	1187.3	1581	240	0
217.65	1188.9	1582	240	0
215.03	1191.4	1583	240	1
214.26	1192.4	1584	240	1
215.7	1190.5	1585	240	0
220.74	1185.6	1586	240	0
225.22	1180.5	1587	240	0
229.92	1177.8	1588	240	0
234.03	1173.4	1589	240	0
237.6	1169.9	1590	240	0
238.79	1169.1	1591	240	1
236.24	1170.9	1592	240	0
232.45	1172.5	1593	240	0
230.11	1173.8	1594	240	0
227.79	1175.8	1595	240	0
226.03	1177.4	1596	240	0
223.79	1180.1	1597	240	0
220.97	1182.6	1598	240	0
219.32	1185	1599	240	0
216.94	1187.3	1600	240	0
215.16	1190.2	1601	240	0
213.26	1193.3	1602	240	0
211.63	1197.6	1603	240	0
209.94	1200.4	1604	240	0
208.51	1202.6	1605	240	0
206.58	1205.8	1606	240	0
204.73	1208.8	1607	240	0
203.6	1211.3	1608	240	0
203.27	1213.2	1609	240	0
202.62	1216.8	1610	240	0
203.18	1220.3	1611	240	0
203.52	1223.4	1612	240	1
204.5	1219.3	1613	240	0
205.16	1213.7	1614	240	0
205.28	1208.3	1615	240	0
207.18	1202.4	1616	240	0
208	1195.6	1617	240	0
209.13	1189.6	1618	240	0
211.09	1183.4	1619	240	0
211.67	1177.6	1620	240	0
212.32	1171.5	1621	240	0
213.5	1165	1622	240	0
214.5	1158	1623	240	0
214.22	1151.1	1624	240	0
211.51	1144.6	1625	240	0
209.56	1138.5	1626	240	0
207.5	1132.5	1627	240	0
205.87	1126	1628	240	0
204	1119.6	1629	240	0
203.08	1112.6	1630	240	0
202.49	1106.1	1631	240	1
203.09	1107.2	1632	240	1
203.32	1112.1	1633	240	0
204.29	1116.9	1634	240	0
203.94	1122.6	1635	240	0
203.2	1127.2	1636	240	0
201.9	1130.7	1637	240	0
200.65	1134.2	1638	240	0
199.5	1137	1639	240	0
198.58	1139	1640	240	1
199.31	1139.2	1641	240	0
200.37	1136.4	1642	240	1
199.68	1137	1643	240	0
201	1133.7	1644	240	0
203.77	1127.7	1645	240	0
206.78	1121.2	1646	240	0
210.19	1115	1647	240	0
212.95	1108.5	1648	240	0
214	1104.5	1649	240	1
212.4	1108.2	1650	240	0
208.69	1111.6	1651	240	0
206.1	1115.2	1652	240	0
202.8	1118.3	1653	240	0
199.69	1120.3	1654	240	0
197.1	1122.7	1655	240	0
194.36	1124.8	1656	240	0
191.24	1125.9	1657	240	0
188.52	1127.6	1658	240	0
185.8	1129.1	1659	240	0
183.41	1131.5	1660	240	0
181.11	1134.9	1661	240	0
178.67	1136.1	1662	240	0
176.2	1138.2	1663	240	0
172.8	1140.3	1664	240	0
169.8	1142.1	1665	240	0
166.17	1143.6	1666	240	0
162.5	1145	1667	240	0
159.33	1146.9	1668	240	0
156.52	1148.6	1669	240	0
154.14	1150	1670	240	0
152.59	1152.5	1671	240	0
150.19	1155.1	1672	240	0
147.76	1157.4	1673	240	0
146.81	1159.8	1674	240	0
145.33	1161.8	1675	240	1
144.62	1161.2	1676	240	1
145.34	1156	1677	240	0
146.97	1149.8	1678	240	0
148.32	1142.8	1679	240	0
149.87	1136.4	1680	240	0
151.82	1129.9	1681	240	0
154.06	1123	1682	240	0
155.33	1117.3	1683	240	0
155.69	1112.2	1684	240	0
156.95	1107.3	1685	240	0
157.85	1102.3	1686	240	1
157.44	1104.8	1687	240	0
156.3	1107.9	1688	240	0
155	1111	1689	240	0
154.38	1114.8	1690	240	0
154.29	1117.8	1691	240	0
154	1122.1	1692	240	0
153.29	1126.1	1693	240	0
152.49	1129.1	1694	240	0
150.57	1132.5	1695	240	0
150.61	1136.1	1696	240	0
149.62	1138.8	1697	240	0
149.67	1141.3	1698	240	0
148.5	1143.7	1699	240	0
148.31	1145.9	1700	240	0
148	1149	1701	240	0
148.39	1152.3	1702	240	1
147.15	1150.9	1703	240	1
145.12	1145.4	1704	240	0
143.6	1138.8	1705	240	0
142.44	1131.6	1706	240	0
141.24	1124.5	1707	240	0
139.29	1118.4	1708	240	0
138.26	1112.5	1709	240	0
136.94	1106.5	1710	240	0
135.42	1099.5	1711	240	0
135	1092	1712	240	0
134.13	1084.4	1713	240	0
132.55	1079.7	1714	240	0
131.59	1075.5	1715	240	0
129.5	1070.5	1716	240	0
1630.9	1689	2082	310	1
1630.8	1688.3	2083	310	1
1630.8	1688.1	2084	310	1
1630.7	1690.1	2085	310	0
1628.9	1693.3	2086	310	0
1628.2	1695.9	2087	310	0
1626.4	1699.3	2088	310	0
1625.7	1703	2089	310	0
1624.3	1706.3	2090	310	0
1623.2	1709.2	2091	310	0
1622.5	1710.9	2092	310	0
1621.2	1714	2093	310	0
1620.3	1715.9	2094	310	0
1619.2	1717.6	2095	310	0
1617.5	1719.9	2096	310	0
1616.1	1721.3	2097	310	0
1614.8	1722.2	2098	310	0
1611.7	1725.7	2099	310	0
1611.6	1726.7	2100	310	0
1611	1728	2101	310	0
1610.5	1728.5	2102	310	0
1610.2	1729.8	2103	310	0
1609	1730.6	2104	310	0
1608.5	1731.4	2105	310	0
1607.3	1731.8	2106	310	0
1605.7	1733.1	2107	310	0
1605.2	1733.5	2108	310	0
1604.5	1735	2109	310	0
1603.6	1736	2110	310	0
1603.3	1737.3	2111	310	0
1602.5	1738.5	2112	310	0
1602.5	1739	2113	310	0
1602	1739.7	2114	310	0
1601.6	1739.8	2115	310	0
1601.4	1740.6	2116	310	0
1600.8	1741.2	2117	310	1
1601.6	1741.9	2118	310	0
1602.7	1741.1	2119	310	1
1601	1742	2120	310	1
1600.8	1741.6	2121	310	1
1600.1	1742.8	2122	310	0
1597.4	1743.6	2123	310	0
1594.9	1745.7	2124	310	0
1592.5	1749	2125	310	0
1590.8	1751.5	2126	310	0
1589.3	1754.4	2127	310	0
1587.8	1756.2	2128	310	0
1586.4	1757.4	2129	310	0
1585	1759.1	2130	310	0
1584.1	1760.5	2131	310	0
1583.4	1761	2132	310	1
1584.2	1762	2133	310	1
1583.8	1760.5	2134	310	1
1585.4	1759.4	2135	310	0
1586.8	1757.7	2136	310	0
1587.9	1757.3	2137	310	0
1588.6	1755.8	2138	310	0
1589.2	1755.4	2139	310	0
1590.8	1754.1	2140	310	0
1592.3	1752.9	2141	310	0
1592.9	1751.9	2142	310	0
1593.4	1751.2	2143	310	0
1593.5	1750.2	2144	310	0
1594.8	1748.7	2145	310	0
1595.9	1747.8	2146	310	0
1597.2	1746.7	2147	310	1
1598	1745.7	2148	310	1
1599.1	1745	2149	310	1
1599.3	1743.9	2150	310	1
1596.6	1743.4	2151	310	1
1593.5	1744.2	2152	310	0
1590.3	1745.1	2153	310	0
1588.3	1746.9	2154	310	0
1586.5	1748	2155	310	1
1588.1	1748.9	2156	310	0
1590	1748.7	2157	310	0
1590.6	1747.9	2158	310	0
1591.8	1747.6	2159	310	0
1593.5	1746.9	2160	310	0
1594.5	1745.8	2161	310	0
1595.9	1744.9	2162	310	1
1595.7	1744.6	2163	310	0
1596	1743.4	2164	310	0
1596.4	1743.1	2165	310	1
1596.3	1742.4	2166	310	1
1596	1742.2	2167	310	0
1595.5	1741.8	2168	310	0
1595.5	1742.2	2169	310	0
1595.6	1741.1	2170	310	0
1596.1	1739.2	2171	310	0
1596.1	1737.3	2172	310	0
1596.9	1735.7	2173	310	0
1598.1	1735.1	2174	310	0
1600.5	1736.2	2175	310	0
1597.8	1735	2176	310	0
1595.9	1733.8	2177	310	0
1593.3	1732.7	2178	310	0
1591.1	1730.5	2179	310	0
1588.7	1728.6	2180	310	0
1586.8	1726.4	2181	310	1
1589.3	1728.6	2182	310	0
1593.1	1732.2	2183	310	0
1596.8	1735.2	2184	310	0
1600.2	1737.8	2185	310	0
1604	1740.8	2186	310	0
1606.6	1744.2	2187	310	0
1609.1	1747.3	2188	310	0
1612	1750.4	2189	310	0
1615.6	1753.9	2190	310	0
1618.1	1756.5	2191	310	1
1617.4	1755.2	2192	310	0
1616.5	1754	2193	310	0
1615.2	1753.2	2194	310	0
1612.1	1753.2	2195	310	0
1610.8	1754.2	2196	310	0
1608.7	1754.3	2197	310	0
1607	1754.5	2198	310	0
1605.2	1755.6	2199	310	0
1603	1756.4	2200	310	0
1601.1	1757.6	2201	310	0
1599.2	1758.8	2202	310	0
1597.8	1759.8	2203	310	0
1596.5	1761.9	2204	310	0
1594.7	1763.1	2205	310	0
1592.3	1765.3	2206	310	0
1590	1766.5	2207	310	0
1587.7	1767.6	2208	310	0
1585	1768.6	2209	310	0
1582.3	1770.3	2210	310	0
1580	1771.6	2211	310	0
1577.8	1771.4	2212	310	0
1576	1771	2213	310	0
1574.1	1771.2	2214	310	0
1572.1	1771.2	2215	310	0
1570.7	1772.6	2216	310	0
1569.3	1774.2	2217	310	1
1568.9	1775.8	2218	310	1
1571.3	1770.6	2219	310	0
1573.8	1765.6	2220	310	0
1576.4	1760.2	2221	310	0
1579.5	1754.5	2222	310	0
1581.2	1749.7	2223	310	0
1583.1	1743	2224	310	0
1585	1737.3	2225	310	0
1586.8	1732.8	2226	310	0
1588.7	1727.3	2227	310	0
1590	1721.8	2228	310	0
1591.1	1715.5	2229	310	0
1592.4	1709.6	2230	310	0
1592.5	1703.7	2231	310	0
1594.3	1698	2232	310	0
1596.1	1692.8	2233	310	0
1598	1686.8	2234	310	0
1600	1681.1	2235	310	0
1602.5	1675	2236	310	0
1604.8	1669.2	2237	310	0
1607.1	1663.3	2238	310	0
1609.9	1657	2239	310	0
1611.8	1651.2	2240	310	0
1614.1	1645.2	2241	310	0
1615.7	1640.3	2242	310	0
1617.5	1636.5	2243	310	1
1617.7	1636.7	2244	310	0
1619	1634	2245	310	0
1621.4	1628.9	2246	310	0
1624.2	1623.2	2247	310	0
1627.9	1618.4	2248	310	0
1630.9	1614.1	2249	310	0
1635.6	1610.1	2250	310	0
1639	1606	2251	310	0
1642.3	1602.8	2252	310	0
1644.6	1601.8	2253	310	1
1645	1602.4	2254	310	1
1645.5	1602.5	2255	310	1
1645.5	1602.8	2256	310	1
1645	1602.5	2257	310	0
1645.2	1602.9	2258	310	1
1645.7	1602.8	2259	310	1
1645.6	1603.1	2260	310	0
1649.2	1603.1	2261	310	0
1654.7	1603.1	2262	310	0
1660.3	1603.5	2263	310	0
1665.1	1604	2264	310	0
1670.8	1604	2265	310	0
1675.6	1603.6	2266	310	1
1673.6	1603.8	2267	310	0
1670.8	1603.7	2268	310	0
1667.7	1604	2269	310	0
1663.9	1604.6	2270	310	0
1660.9	1605.9	2271	310	0
1657.5	1606.8	2272	310	0
1654.5	1608	2273	310	0
1651	1609	2274	310	0
1648.2	1609.6	2275	310	0
1646.3	1610	2276	310	0
1643.5	1611	2277	310	0
1641.6	1611.7	2278	310	0
1639.6	1612.8	2279	310	0
1637.3	1613.6	2280	310	0
1634	1613.7	2281	310	1
1633.2	1614	2282	310	1
1636.9	1612.1	2283	310	0
1639.7	1609.5	2284	310	0
1642.9	1607.5	2285	310	0
1647.8	411.43	1790	270	0
1649.3	417.76	1791	270	0
1652.3	424.85	1792	270	0
1653.5	431	1793	270	0
1653.6	437.91	1794	270	0
1653.4	444.26	1795	270	0
1653.6	452.03	1796	270	0
1653.3	459.3	1797	270	0
1653.1	465.8	1798	270	0
1653.6	473.05	1799	270	0
1653.7	478.38	1800	270	0
1653.2	484.29	1801	270	0
1652.3	490.93	1802	270	0
1650.8	497.21	1803	270	0
1648.2	503.33	1804	270	0
1647.8	508.91	1805	270	0
1647.7	514.26	1806	270	0
1647.1	521.38	1807	270	0
1646.1	527.53	1808	270	0
1647.2	532.91	1809	270	0
1647	538.59	1810	270	0
1648.4	545.74	1811	270	0
1647.8	552.41	1812	270	0
1649	558.66	1813	270	0
1650	565.81	1814	270	0
1652	573.09	1815	270	0
1654.9	580.03	1816	270	0
1656.8	585.26	1817	270	0
1658.5	591.05	1818	270	0
1660.8	598.24	1819	270	0
1662.3	604.31	1820	270	0
1662.7	608.88	1821	270	0
1663.9	614.95	1822	270	0
1665.3	622	1823	270	0
1667	628.89	1824	270	0
1668.3	635.06	1825	270	0
1667	643.19	1826	270	0
1665.7	650.52	1827	270	0
1665	656.62	1828	270	0
1665.1	663.43	1829	270	0
1664.4	669.77	1830	270	0
1663.1	676.77	1831	270	0
1661.3	683.32	1832	270	0
1659.1	690.06	1833	270	0
1657.4	696.62	1834	270	0
1656.2	703	1835	270	0
1655.8	705.76	1836	270	1
1654.3	699.32	1837	270	0
1651.5	692.5	1838	270	0
1649.4	686.19	1839	270	0
1646.2	679.7	1840	270	0
1644.8	673.39	1841	270	0
1643.4	665.42	1842	270	0
1641.7	658.24	1843	270	0
1639.9	650.74	1844	270	0
1638.4	643.28	1845	270	0
1636.6	635.83	1846	270	0
1635	629	1847	270	0
1634.3	622	1848	270	0
1633.6	615.09	1849	270	0
1633.1	607.3	1850	270	0
1633.1	600	1851	270	0
1633.2	592.06	1852	270	0
1633.2	584.92	1853	270	0
1631.3	577.9	1854	270	0
1628.7	569.76	1855	270	0
1626.5	562.79	1856	270	0
1625.4	556.02	1857	270	0
1625.7	548.57	1858	270	0
1626.3	541.15	1859	270	0
1627.9	534.05	1860	270	0
1629.3	527.37	1861	270	0
1630.2	520	1862	270	0
1630.5	513	1863	270	0
1631.1	505.67	1864	270	0
1632.3	498.02	1865	270	0
1634.3	490.54	1866	270	0
1634.7	483.02	1867	270	0
1635.1	475.22	1868	270	0
1634	467.71	1869	270	0
1632	460.9	1870	270	0
1630.3	453.84	1871	270	0
1629.7	446.91	1872	270	0
1629.4	439.74	1873	270	0
1630.7	432.91	1874	270	0
1631.4	425.66	1875	270	0
1631.4	418.19	1876	270	0
1630.5	412	1877	270	0
1630.9	404.5	1878	270	0
1629	397.5	1879	270	0
1627.1	391.3	1880	270	0
1624.1	383.29	1881	270	0
1622.2	375.73	1882	270	0
1620.8	369.11	1883	270	0
1619.3	363.73	1884	270	0
1618.1	358	1885	270	0
1617.1	351.24	1886	270	0
1616.1	348.97	1887	270	1
1617.4	353.5	1888	270	0
1619.3	358.21	1889	270	0
1620.6	361.51	1890	270	0
1621.9	365.37	1891	270	0
1622.8	369.4	1892	270	0
1623.6	372.53	1893	270	0
1625.7	376.53	1894	270	0
1626.5	380.5	1895	270	0
1626.1	384.2	1896	270	0
1625.9	387.71	1897	270	0
1625.9	391.37	1898	270	0
1625.9	395.72	1899	270	0
1626.5	399.14	1900	270	0
1626.1	402.29	1901	270	0
1625.2	405.57	1902	270	0
1624.3	409.13	1903	270	0
1624.9	412.63	1904	270	0
1623.4	416.41	1905	270	0
1621.9	419.63	1906	270	0
1620.2	422.4	1907	270	1
1622	418.17	1908	270	0
1624.6	412.04	1909	270	0
1626.5	405.21	1910	270	0
1629.8	398.98	1911	270	0
1633.2	393.26	1912	270	0
1635.8	388.08	1913	270	0
1639.1	381.78	1914	270	0
1642.7	374.53	1915	270	0
1646.7	368.09	1916	270	0
1649.7	361.68	1917	270	0
1653.9	354.23	1918	270	0
1657.7	347.76	1919	270	0
1660	341	1920	270	0
1662.3	333.97	1921	270	0
1665	326.77	1922	270	0
1667.8	319.74	1923	270	0
1669.3	312.88	1924	270	0
1670.4	306.58	1925	270	0
1670.9	303.2	1926	270	1
1668.9	308.43	1927	270	0
1667.8	312.79	1928	270	0
1666.3	315.96	1929	270	0
1665.9	319.58	1930	270	0
1664.9	323.7	1931	270	0
1663.5	327	1932	270	0
1662.7	330.35	1933	270	0
1662.4	333.97	1934	270	0
1661.7	336.87	1935	270	0
1660.6	340.14	1936	270	0
1659.9	343.14	1937	270	0
1659.8	346.68	1938	270	0
1659.1	349.68	1939	270	0
1657	353.19	1940	270	0
1655	357	1941	270	0
1653.9	360.63	1942	270	0
1653.3	364.38	1943	270	0
1653.5	368.09	1944	270	0
1653.9	372.04	1945	270	1
1653.7	372.16	1946	270	1
1653.5	364.82	1947	270	1
1655.1	358.78	1948	270	0
1657	352.32	1949	270	0
1658.9	345.83	1950	270	0
1660	338.1	1951	270	0
1660.3	332	1952	270	0
1662.7	324.08	1953	270	0
1665	316.84	1954	270	0
1667.7	310.19	1955	270	0
1671.6	304.28	1956	270	0
1675.1	298.75	1957	270	0
1678.3	293.32	1958	270	0
1682.6	287.76	1959	270	0
1688.5	283.21	1960	270	0
1693.9	279.38	1961	270	1
1694	279.68	1962	270	1
1690.8	283.84	1963	270	0
1687.8	287.84	1964	270	0
1685	290.68	1965	270	0
1682	292.5	1966	270	0
1677.9	293.51	1967	270	0
1674.9	295.09	1968	270	0
1671.5	296.5	1969	270	0
1668.2	297.12	1970	270	0
1664.2	298.2	1971	270	0
1659.7	299.82	1972	270	0
1656.2	300.41	1973	270	0
1652.1	300.75	1974	270	0
1648.2	300.81	1975	270	0
1644.7	300.04	1976	270	0
1642	299.88	1977	270	0
1638.5	300.93	1978	270	0
1635.9	301.63	1979	270	0
1633.8	302	1980	270	0
1630.5	302.35	1981	270	0
1627.6	303.02	1982	270	0
1624.2	304.41	1983	270	0
1620.1	304.51	1984	270	0
1616.3	305.76	1985	270	0
1611.8	307.53	1986	270	0
1608.3	309.08	1987	270	0
1606.1	310.21	1988	270	0
1156.9	792	176	51	0
1153.8	790.12	177	51	0
1151.5	788.11	178	51	0
1147.7	787.1	179	51	0
1145.1	787.52	180	51	0
1142.5	787.11	181	51	0
1139.5	786.89	182	51	0
1136.5	786	183	51	0
1133.5	784.89	184	51	0
1129.6	784	185	51	0
1126.5	782	186	51	0
1124.3	780.12	187	51	0
1120.6	778.33	188	51	0
1117	776.41	189	51	0
1113.8	776.5	190	51	0
1110.1	774.8	191	51	0
1106.9	773.71	192	51	0
1103.5	774.21	193	51	0
1100.1	774	194	51	0
1096.6	774.26	195	51	0
1094.4	774.76	196	51	0
1090.9	774.74	197	51	0
1087.5	774.47	198	51	0
1084.5	773.61	199	51	0
1081.7	773.35	200	51	0
1079.3	773.17	201	51	0
1076.3	773.42	202	51	0
1073.7	773.3	203	51	0
1070.8	772.5	204	51	0
1067.5	771.11	205	51	0
1064.8	770.32	206	51	0
1062.1	768.62	207	51	0
1058.9	767	208	51	0
1055.1	766.32	209	51	0
1051.5	765.69	210	51	0
1048	765.27	211	51	0
1044.2	765.16	212	51	0
1040.8	764.8	213	51	0
1037	764.5	214	51	0
1033.5	764	215	51	0
1030.3	764.26	216	51	1
1026.6	763.29	217	51	1
1029	764	218	51	1
1032.6	763.4	219	51	1
1037.7	764.72	220	51	0
1041.6	765.29	221	51	0
1046.7	766.17	222	51	0
1051.8	767.16	223	51	0
1056.9	766.9	224	51	0
1062.2	767.12	225	51	0
1066.9	768.43	226	51	0
1072.2	769.1	227	51	0
1077.2	769.62	228	51	0
1082.2	770.05	229	51	0
1086.7	769.93	230	51	0
1090.8	770.33	231	51	0
1096	770.48	232	51	0
1100.5	769.43	233	51	0
1102.5	767.78	234	51	0
1106.6	764.9	235	51	0
1110.2	762.35	236	51	0
1113.2	758.65	237	51	0
1114.1	756.67	238	51	0
1115.1	755.2	239	51	0
1115.5	753.04	240	51	0
1117	753.19	241	51	0
1118.1	753.06	242	51	1
1118.3	752.94	243	51	1
1117.7	753.04	244	51	1
1116.3	754.21	245	51	0
1115.1	755.4	246	51	0
1114.6	755.67	247	51	0
1113.4	756.92	248	51	0
1113.3	758.52	249	51	0
1112.9	760.3	250	51	0
1112.1	761.11	251	51	0
1111.4	762.24	252	51	0
1111.2	763.63	253	51	0
1109.5	765.02	254	51	0
1108.5	765.82	255	51	0
1107.9	767.63	256	51	0
1107.8	769.34	257	51	0
1107.1	771	258	51	0
1106.5	772.34	259	51	0
1105.5	773.34	260	51	0
1104.1	774.09	261	51	0
1103.4	774.45	262	51	0
1103.1	775.53	263	51	0
1102.8	776.59	264	51	0
1101.3	777.53	265	51	0
1100.7	778.75	266	51	0
1100.9	780.23	267	51	0
1100.1	781.68	268	51	0
1100	782.96	269	51	0
1099.9	784.31	270	51	0
1099.8	785.67	271	51	0
1099.3	787.21	272	51	0
1099.2	788.11	273	51	0
1099.1	789.11	274	51	0
1098.3	790.41	275	51	0
1097.7	791.84	276	51	0
1097.5	793	277	51	0
1096.8	794.66	278	51	0
1095.6	796.33	279	51	0
1095.6	798.42	280	51	0
1095.3	799.82	281	51	0
1094.9	800.63	282	51	0
1095.4	801.84	283	51	0
1095.7	803.35	284	51	0
1096.8	805.02	285	51	0
1097.3	805.8	286	51	0
1097.6	807.04	287	51	0
1097.9	808.29	288	51	0
1098.3	809.55	289	51	0
1098.9	810.68	290	51	0
1099	811.58	291	51	0
1098.9	812.64	292	51	0
1099	813.67	293	51	0
1099.2	815.31	294	51	0
1100.2	817.1	295	51	0
1100.1	818.68	296	51	0
1099.8	820	297	51	0
1099.7	820.9	298	51	0
1099.1	821.68	299	51	0
1098.8	823.23	300	51	0
1098.4	824.51	301	51	0
1097.8	826.26	302	51	0
1097.6	827.26	303	51	0
1097.4	828.51	304	51	0
1097.9	829.23	305	51	0
1098.1	830.68	306	51	0
1097.7	832.02	307	51	0
1096.8	833.16	308	51	0
1095.5	836.5	309	51	0
1094.6	839.28	310	51	0
1093.9	842.82	311	51	0
1094.4	846.34	312	51	0
1094.7	849.9	313	51	0
1979.7	1520.2	734	116	0
1976.5	1517	735	116	0
1974.2	1514.8	736	116	0
1972.2	1513.5	737	116	0
1968.5	1511.6	738	116	0
1964.3	1509.7	739	116	0
1961.6	1507	740	116	0
1957.1	1504.9	741	116	0
1953.4	1503.6	742	116	0
1950.5	1501.2	743	116	0
1947.7	1499.4	744	116	0
1945.7	1498.4	745	116	0
1944.3	1497.3	746	116	1
1944.5	1497.2	747	116	1
1948	1500.2	748	116	0
1952.7	1503.5	749	116	0
1958	1506.6	750	116	0
1961	1509	751	116	1
1963	1509	752	116	1
1963	1509.1	753	116	1
1960.3	1507.5	754	116	0
1957.1	1505	755	116	0
1953.5	1504.2	756	116	0
1950.8	1502.9	757	116	0
1948.7	1500.9	758	116	0
1946	1500.1	759	116	0
1943	1498.7	760	116	0
1939.5	1497.1	761	116	0
1935.5	1495.8	762	116	0
1931.4	1493.9	763	116	0
1927.8	1492.6	764	116	0
1925.1	1490.9	765	116	0
1921.7	1489.3	766	116	0
1919.1	1488.1	767	116	0
1915.5	1486.4	768	116	0
1912.3	1484.9	769	116	0
1909.4	1484.2	770	116	0
1907.5	1483.6	771	116	0
1904.5	1482.4	772	116	0
1900.6	1481.2	773	116	0
1896.5	1480	774	116	0
1893.6	1479.2	775	116	0
1889.5	1478.7	776	116	0
1886.2	1477.9	777	116	0
1882.8	1476.9	778	116	1
1882	1476.1	779	116	1
1886.1	1477.7	780	116	0
1892.6	1479.2	781	116	0
1899.3	1481	782	116	0
1904.7	1482.5	783	116	0
1910	1483.8	784	116	0
1915.5	1485	785	116	0
1921.3	1485.6	786	116	0
1927.8	1485.8	787	116	0
1933.4	1486	788	116	0
1939.4	1485.5	789	116	0
1944.9	1486.1	790	116	0
1950.9	1486.1	791	116	0
1958.4	1485.8	792	116	0
1964.8	1486.5	793	116	0
1971.8	1486.8	794	116	0
1978.5	1488	795	116	0
1984.9	1488.1	796	116	0
1990.5	1489.1	797	116	0
1996.3	1488.9	798	116	0
2002.5	1488.7	799	116	0
2008.5	1489.6	800	116	0
2013.9	1490.9	801	116	1
2012.3	1490.3	802	116	1
2007.7	1490.9	803	116	0
2003.9	1491	804	116	0
2000.2	1491.3	805	116	0
1997.8	1490.9	806	116	0
1995.4	1491.2	807	116	0
1993	1490.3	808	116	0
1990.6	1489.3	809	116	0
1988.2	1489.4	810	116	0
1986.3	1489.5	811	116	0
1984.3	1490.3	812	116	0
1981	1490.1	813	116	0
1978.8	1490.7	814	116	0
1977.5	1491.5	815	116	0
1975.5	1491.8	816	116	0
1973.2	1492.4	817	116	0
1970.3	1492.6	818	116	0
1967.7	1492.4	819	116	0
1965.3	1493.1	820	116	0
1961.9	1493.6	821	116	0
1958.1	1493.3	822	116	0
1955.5	1493.1	823	116	0
1952.7	1493.3	824	116	1
1950.4	1492.8	825	116	1
1947.3	1490.9	826	116	1
1947.6	1491.8	827	116	1
1952.6	1495.7	828	116	0
1957	1499.8	829	116	0
1961.4	1503.9	830	116	0
1964.9	1507.7	831	116	0
1968.2	1511.7	832	116	0
1972.2	1515.6	833	116	0
1975.9	1520.3	834	116	0
1979.6	1525	835	116	0
1983.3	1529.3	836	116	0
1988.5	1532	837	116	1
1989.7	1532.7	838	116	1
1987	1529.5	839	116	0
1982.8	1525.4	840	116	0
1977	1521	841	116	0
1973.3	1517.2	842	116	0
1966.7	1514.1	843	116	0
1962.3	1510.7	844	116	0
1957.3	1506.3	845	116	0
1952.2	1504	846	116	0
1947.2	1500.5	847	116	0
1943.2	1496.5	848	116	0
1938.3	1492.8	849	116	0
1933.8	1489	850	116	0
1929.9	1485.9	851	116	0
1927.1	1482.3	852	116	0
1924.9	1479.6	853	116	0
1921.6	1476.6	854	116	0
1917.8	1472.9	855	116	0
1914.4	1469.4	856	116	0
1910	1466	857	116	0
1906.6	1462.5	858	116	0
1903.1	1459	859	116	0
1900.1	1455.5	860	116	0
1896.9	1451.3	861	116	0
1894.4	1448.2	862	116	1
1896.9	1450.7	863	116	0
1901	1456.4	864	116	0
1904.2	1460.6	865	116	0
1907.5	1466.1	866	116	0
1910.5	1471.2	867	116	0
1914.5	1475.6	868	116	0
1917.5	1481.1	869	116	0
1921.5	1485.9	870	116	0
1925	1491.3	871	116	0
1129.4	1194.7	97	38	0
1128.6	1197.5	98	38	0
1128.4	1200.3	99	38	0
1127.6	1203.7	100	38	0
1127.1	1207.3	101	38	0
1127	1211.1	102	38	0
1126.1	1214.2	103	38	0
1125.5	1217	104	38	0
1125.1	1220.3	105	38	0
1124.9	1222.8	106	38	0
1124.4	1224.4	107	38	0
1123.8	1226.8	108	38	0
1124.5	1228.5	109	38	0
1124.6	1229.7	110	38	1
1124.7	1230.2	111	38	1
1123.1	1230.9	112	38	1
1123	1232.5	113	38	1
1119.3	1230.4	114	38	0
1114.2	1226.6	115	38	0
1108.8	1221.7	116	38	0
1102.8	1216.2	117	38	0
1098.2	1214.1	118	38	1
1099.1	1217.4	119	38	0
1101.1	1218.5	120	38	0
1104	1218.1	121	38	1
1106.2	1221.2	122	38	1
1105.3	1224.5	123	38	0
1104.4	1227.1	124	38	0
1104.6	1229.8	125	38	0
1103.4	1232.7	126	38	0
1101.9	1235.5	127	38	0
1101.3	1238.6	128	38	0
1106.2	1243.6	129	38	0
1110.1	1249.1	130	38	0
1113.7	1254.3	131	38	0
1118.5	1260.8	132	38	0
1122.3	1266.8	133	38	0
1124.9	1272.1	134	38	0
1129.1	1278.7	135	38	0
1133.7	1284.7	136	38	0
1137.5	1289.2	137	38	1
1136.9	1288.8	138	38	1
1135.6	1287.5	139	38	1
1134.5	1286	140	38	0
1133.4	1284.2	141	38	1
1136.2	1283.6	142	38	1
1138.5	1284.5	143	38	0
1141	1285.5	144	38	0
1143.1	1285.4	145	38	0
1144.9	1286.9	146	38	0
1146.9	1288.2	147	38	0
1150.5	1289.5	148	38	0
1154.1	1289.8	149	38	0
1156.9	1289.7	150	38	0
1159.5	1290	151	38	0
1162.4	1290	152	38	0
1165	1289	153	38	0
1166.5	1287.5	154	38	0
1169.3	1286.2	155	38	0
1171.7	1284.9	156	38	0
1174	1283.8	157	38	0
1175.7	1281.8	158	38	0
1175.2	1280	159	38	0
1177.2	1279.7	160	38	0
1183.5	1276.5	161	38	0
1190.3	1275.5	162	38	0
1193.3	1274.3	163	38	1
1191.6	1271.1	164	38	1
1186.6	1269.2	165	38	1
1180.8	1269.4	166	38	0
1177.8	1269.6	167	38	1
1179.1	1266	168	38	1
1183.2	1261.8	169	38	0
1187.5	1256.2	170	38	0
1191.4	1251.4	171	38	0
1196.4	1245.9	172	38	0
1203.2	1241.5	173	38	0
1211.1	1237.1	174	38	0
1218.3	1234	175	38	0
1224.6	1229.3	176	38	0
1229.6	1225.1	177	38	0
1234.5	1220.1	178	38	1
1235	1222.3	179	38	1
1232	1225.6	180	38	0
1231.5	1227.6	181	38	0
1234.7	1229.7	182	38	0
1235.4	1232.2	183	38	0
1237.3	1235.7	184	38	0
1240.5	1237	185	38	0
1244	1240	186	38	0
1246	1242	187	38	0
1248	1244	188	38	0
1249.2	1247	189	38	0
1250.5	1250.5	190	38	0
1253	1253	191	38	1
1252.7	1254.3	192	38	0
1252.6	1256.8	193	38	0
1255	1259.2	194	38	0
1257.4	1262.8	195	38	0
1258.3	1267.4	196	38	0
1258.9	1272.2	197	38	0
1260.7	1278	198	38	0
1262	1283.9	199	38	0
1263.3	1290.8	200	38	0
1265.5	1297.6	201	38	0
1266.4	1304.2	202	38	0
1268.2	1309.6	203	38	0
1270	1314.6	204	38	0
1270.8	1319.4	205	38	0
1271.9	1323.4	206	38	0
1272.8	1328.4	207	38	0
1273.6	1333.3	208	38	0
1273.8	1336.4	209	38	1
1273.4	1336	210	38	1
1273.8	1333.8	211	38	0
1274.3	1332.9	212	38	1
1274.9	1333.3	213	38	1
1273.9	1333.4	214	38	0
1273	1333.5	215	38	0
1271.8	1333.7	216	38	1
1272	1334	217	38	0
1274	1334.4	218	38	0
1276.5	1337.5	219	38	1
1276.7	1337	220	38	1
1275	1334.9	221	38	0
1273.5	1332.7	222	38	0
1274.3	1329.9	223	38	1
1273.7	1329.6	224	38	0
1273.6	1326	225	38	1
1276.3	1326.2	226	38	0
1281.4	1325.5	227	38	0
1285.2	1325.2	228	38	0
1288	1323.9	229	38	0
1290.6	1323.5	230	38	1
1290.8	1327.1	231	38	1
1292.5	1330.1	232	38	0
1293.8	1333.5	233	38	0
1324.6	1989.8	470	82	0
1330.6	1984.7	471	82	0
1335.2	1978.3	472	82	0
1339.8	1972.3	473	82	0
1345.5	1966.7	474	82	0
1351.3	1962.7	475	82	0
1357.4	1959.1	476	82	0
1363.6	1955.9	477	82	0
1369.6	1951.6	478	82	0
1376.6	1947.4	479	82	0
1382.9	1944.4	480	82	0
1389.9	1941.5	481	82	0
1397.1	1938.7	482	82	0
1403.5	1936.1	483	82	0
1410.5	1933.6	484	82	0
1416.3	1931.7	485	82	0
1422.9	1928.2	486	82	0
1425.3	1926.3	487	82	1
1424.8	1925.8	488	82	1
1421.6	1927.2	489	82	1
1418	1930	490	82	1
1412.8	1932.3	491	82	0
1409.1	1933.8	492	82	0
1405.5	1934.6	493	82	0
1402.7	1934.2	494	82	0
1401.2	1934.6	495	82	0
1400.5	1936.2	496	82	0
1401.4	1937.6	497	82	0
1401	1939	498	82	1
1401.6	1939.6	499	82	0
1402.5	1939.9	500	82	0
1403.1	1939.7	501	82	0
1403.1	1940.7	502	82	0
1403.3	1941.5	503	82	1
1403.3	1941.6	504	82	1
1403.9	1941.8	505	82	1
1404.7	1941.6	506	82	0
1405.4	1941.2	507	82	0
1406.8	1942	508	82	0
1408.7	1943.2	509	82	0
1410.1	1943.8	510	82	0
1411.4	1944.4	511	82	0
1412.7	1945.1	512	82	0
1413.3	1945.5	513	82	0
1413.9	1947	514	82	0
1415.4	1948.6	515	82	0
1416.3	1949.3	516	82	0
1416.9	1949.7	517	82	0
1417.9	1951.2	518	82	0
1419.2	1953.4	519	82	0
1420.8	1955.6	520	82	0
1422	1958	521	82	0
1422.6	1960.5	522	82	0
1421.9	1961.7	523	82	0
1422.1	1963.3	524	82	0
1422.1	1965.3	525	82	0
1421.5	1968	526	82	0
1421	1970.6	527	82	0
1421	1972.6	528	82	0
1421	1975	529	82	0
1421.4	1977	530	82	0
1421.3	1978.9	531	82	0
1421	1981	532	82	0
1421	1982.6	533	82	0
1421.4	1984.8	534	82	0
1422.9	1987	535	82	0
1423	1989.3	536	82	0
1423.4	1991.1	537	82	0
1424	1991.9	538	82	0
1423	1993.1	539	82	0
1423.4	1994.7	540	82	0
1423.6	1995.9	541	82	0
1424.5	1996.8	542	82	0
1424	1997.6	543	82	0
1425	1999	544	82	0
1426.8	2000.2	545	82	1
1426.2	2000.2	546	82	0
1426.4	1999.1	547	82	1
1425.4	1999.9	548	82	1
1426	2000.3	549	82	0
1426.5	2001.2	550	82	1
1426.2	2002.3	551	82	1
1426.3	2002.3	552	82	1
1429	2000.6	553	82	0
1430	1999.4	554	82	0
1431.1	1998.2	555	82	1
1430.9	1998.5	556	82	1
1428	1998.9	557	82	0
1425.9	2000	558	82	0
1424.1	1999.9	559	82	0
1421.8	1999.9	560	82	0
1419.9	1999.9	561	82	0
1417.7	2000.7	562	82	0
1415.1	2001.7	563	82	1
1413.9	2002.9	564	82	1
1411.4	2003.3	565	82	1
1409.4	2000.6	566	82	1
1410.4	1997.7	567	82	1
1411.5	1996.9	568	82	1
1414.3	1991.6	569	82	0
1416.6	1985.5	570	82	0
1419.1	1979.3	571	82	1
1419.5	1978.1	572	82	1
1417.3	1982.6	573	82	0
1415.5	1986.3	574	82	0
1415	1990.1	575	82	0
1415	1994	576	82	0
1415.1	1997.7	577	82	0
1414.5	2000.5	578	82	0
1414.6	2002	579	82	0
1414.8	2004.2	580	82	0
1414.7	2005.8	581	82	1
1417.2	2006.8	582	82	1
1417.4	2005.5	583	82	0
1417	2004.1	584	82	0
1418.1	2003.5	585	82	0
1418.4	2002.8	586	82	0
1419.4	2004.2	587	82	0
1420.2	2003.4	588	82	0
1421.2	2002.7	589	82	0
1423.3	2002.9	590	82	1
1423.6	2003.1	591	82	1
1423	2003	592	82	0
1423.6	2002.5	593	82	0
1423.5	2001.5	594	82	0
1313.1	1183.9	824	122	0
1306.9	1178.5	825	122	0
1301	1173.2	826	122	0
1294.6	1168.5	827	122	0
1287.8	1164.4	828	122	0
1282	1161.1	829	122	0
1276.3	1157.5	830	122	0
1270.6	1153.5	831	122	0
1264.6	1149.7	832	122	0
1263.8	1148	833	122	0
1266.5	1150.2	834	122	0
1266.3	1153.5	835	122	0
1264.6	1155.5	836	122	0
1263	1157	837	122	0
1261.9	1158.1	838	122	0
1261	1159	839	122	0
1260.1	1159.7	840	122	0
1260.3	1162.1	841	122	0
1260.5	1163.1	842	122	0
1260.7	1165.2	843	122	0
1263.9	1167.3	844	122	0
1266	1169.1	845	122	0
1267.8	1170.2	846	122	0
1269.5	1170.9	847	122	0
1271	1171	848	122	1
1270.9	1171.1	849	122	1
1271	1170.5	850	122	0
1272	1163.9	851	122	1
1276.7	1163.8	852	122	0
1279.8	1165.2	853	122	0
1278.5	1164.1	854	122	0
1280.7	1159.7	855	122	0
1283.1	1156.6	856	122	0
1284	1155.6	857	122	0
1284.7	1153.4	858	122	0
1286.2	1150.7	859	122	0
1287.7	1149.3	860	122	0
1292.3	1148.5	861	122	0
1294.8	1145.4	862	122	0
1300	1144.9	863	122	0
1296.4	1142.4	864	122	0
1296.1	1138.5	865	122	0
1297.4	1135.2	866	122	0
1299.2	1130.7	867	122	0
1299.2	1127.5	868	122	0
1303	1123.2	869	122	0
1306	1118.5	870	122	0
1310.6	1116.1	871	122	0
1314.8	1112.1	872	122	0
1319	1107.7	873	122	0
1321.6	1104.8	874	122	1
1324	1107	875	122	1
1321.9	1111.3	876	122	1
1317.1	1115.5	877	122	0
1314	1119.1	878	122	1
1316.3	1120.9	879	122	1
1324.3	1120.6	880	122	0
1328.8	1121.7	881	122	1
1327.2	1125.1	882	122	0
1323.6	1129.6	883	122	0
1322.3	1133.9	884	122	1
1324.8	1132.9	885	122	0
1326.2	1131.8	886	122	0
1327.3	1130.5	887	122	1
1326.5	1132.5	888	122	1
1323	1134.1	889	122	0
1319.2	1135.2	890	122	0
1316.4	1137.5	891	122	0
1314	1140	892	122	0
1311.1	1142.3	893	122	0
1308.7	1145.5	894	122	0
1307.5	1148.5	895	122	0
1306.1	1152.4	896	122	0
1305.9	1155.6	897	122	0
1305	1158.8	898	122	0
1303.7	1162	899	122	0
1303.8	1165	900	122	0
1302	1168.5	901	122	0
1300.1	1171.5	902	122	0
1297.2	1174.6	903	122	0
1294.7	1177.1	904	122	0
1292.5	1179.8	905	122	0
1290	1180.6	906	122	0
1287.8	1182.8	907	122	0
1285.9	1185.6	908	122	0
1287.5	1191	909	122	0
1286.6	1199	910	122	0
1285.5	1207.3	911	122	0
1285.3	1215.4	912	122	0
1284.5	1224.4	913	122	0
1283.6	1232.5	914	122	0
1282.5	1239.8	915	122	0
1282.1	1247.8	916	122	0
1281.2	1255.2	917	122	0
1280.4	1261.8	918	122	0
1279.9	1269.1	919	122	0
1279.6	1274.9	920	122	0
1279	1282	921	122	0
1277.2	1289.4	922	122	0
1276.8	1296.9	923	122	0
1275.5	1303.9	924	122	0
1273.4	1310.6	925	122	0
1271.6	1317.3	926	122	0
1269	1324.5	927	122	0
1266.1	1331.9	928	122	0
1264.6	1338.8	929	122	0
1263	1347.3	930	122	0
1261.1	1355.4	931	122	0
1260.5	1363.5	932	122	0
1258.5	1371.9	933	122	0
1256	1379.6	934	122	1
1256	1379.2	935	122	0
1253.7	1375.4	936	122	1
1250.7	1376.2	937	122	0
1247.3	1377.5	938	122	0
379.5	1841.5	1538	235	0
379.43	1839.5	1539	235	0
380.1	1840.8	1540	235	0
380.89	1844.5	1541	235	0
383.32	1842.9	1542	235	0
384	1845	1543	235	1
383.92	1845.2	1544	235	1
390.55	1842.1	1545	235	0
398.7	1840.8	1546	235	0
406.45	1839.2	1547	235	0
414.1	1837.8	1548	235	0
419.5	1835.5	1549	235	0
424	1832	1550	235	0
429.48	1827.3	1551	235	1
431.86	1826.4	1552	235	1
431.42	1825	1553	235	1
433.24	1825	1554	235	0
433.88	1825.9	1555	235	0
434.89	1826.4	1556	235	0
435.36	1825.2	1557	235	0
436.31	1825.4	1558	235	0
438.26	1825.8	1559	235	0
439.73	1825.2	1560	235	0
441.07	1827.4	1561	235	0
440.19	1827.6	1562	235	0
441.98	1826.4	1563	235	0
442.24	1828	1564	235	1
442.89	1826.4	1565	235	0
443.5	1825.2	1566	235	0
443.02	1824.7	1567	235	0
442.87	1823.1	1568	235	1
444.71	1824.4	1569	235	1
443.21	1825.9	1570	235	0
441.62	1826.4	1571	235	0
441.92	1828	1572	235	1
441.79	1828.1	1573	235	1
441.5	1828	1574	235	0
439.23	1827.7	1575	235	0
436.79	1827.4	1576	235	1
437.87	1827.1	1577	235	0
440	1825.5	1578	235	0
439.5	1823.2	1579	235	0
441.85	1822.3	1580	235	0
446.27	1822.1	1581	235	0
451.76	1823.3	1582	235	0
456.21	1824.1	1583	235	0
461.69	1824.7	1584	235	0
467.69	1826.3	1585	235	0
473.39	1827.4	1586	235	0
479.72	1828.3	1587	235	0
485.79	1829.2	1588	235	0
491.48	1829.8	1589	235	1
491.71	1832.3	1590	235	1
484.08	1828.4	1591	235	0
476.65	1822.7	1592	235	0
468.16	1818.9	1593	235	0
461.67	1816.9	1594	235	0
455	1815.5	1595	235	0
448.03	1813.9	1596	235	0
441.2	1812.1	1597	235	0
433.3	1811.5	1598	235	0
425.95	1810.3	1599	235	0
418.5	1810	1600	235	0
411.83	1810.4	1601	235	0
407	1809.7	1602	235	1
409.97	1810.2	1603	235	0
416.22	1809.7	1604	235	0
421.85	1812.3	1605	235	1
419.18	1810.8	1606	235	0
416.84	1809.4	1607	235	0
416.73	1806.8	1608	235	0
415.24	1804.4	1609	235	0
414.87	1803.1	1610	235	1
415.38	1804.2	1611	235	0
415.73	1805.8	1612	235	0
415.87	1807.1	1613	235	1
417.86	1807.4	1614	235	0
419.82	1805.8	1615	235	1
419.5	1808.2	1616	235	0
419	1810	1617	235	0
418.53	1811.7	1618	235	1
418.68	1812.1	1619	235	0
417.7	1812.2	1620	235	1
418.17	1812.2	1621	235	0
420.11	1813.5	1622	235	0
422.26	1811.8	1623	235	0
422.55	1812.5	1624	235	0
422.62	1813.3	1625	235	1
424.86	1815.4	1626	235	1
424.93	1816.3	1627	235	1
427.09	1816.4	1628	235	0
428.11	1816.4	1629	235	0
428.31	1818.4	1630	235	0
428.41	1816.9	1631	235	0
431.4	1816.8	1632	235	0
436.3	1817.6	1633	235	0
439.5	1819	1634	235	1
440.19	1818.6	1635	235	0
442.5	1818.5	1636	235	0
441.63	1818	1637	235	0
441.5	1819	1638	235	0
442	1819	1639	235	1
441.5	1818.2	1640	235	0
441	1817	1641	235	1
441.5	1817.5	1642	235	1
441.63	1819.4	1643	235	1
441.52	1820.1	1644	235	0
444	1826.3	1645	235	0
445.57	1832	1646	235	0
242.31	1791.2	1934	280	0
238.02	1791.9	1935	280	0
233.89	1792.1	1936	280	1
233.61	1790.7	1937	280	1
234.84	1789.8	1938	280	0
236.37	1788.4	1939	280	0
240.5	1784.5	1940	280	0
244.21	1782	1941	280	0
246.74	1779.4	1942	280	1
247.7	1778.6	1943	280	1
245.68	1781.3	1944	280	1
245.89	1782.1	1945	280	0
245.67	1783.9	1946	280	0
244.48	1785.1	1947	280	0
245	1787.5	1948	280	0
243.69	1788.7	1949	280	0
243.93	1790.8	1950	280	1
243.73	1790	1951	280	1
242.24	1790.8	1952	280	0
241.54	1791	1953	280	1
242.64	1792.7	1954	280	0
243.31	1794	1955	280	1
243.95	1794.1	1956	280	1
243.88	1794.6	1957	280	0
240.74	1795.4	1958	280	1
241.54	1795.6	1959	280	0
244.43	1798.3	1960	280	1
244.82	1798	1961	280	1
244.74	1797.9	1962	280	1
244.74	1797.9	1963	280	1
245	1797.3	1964	280	1
244.55	1797.2	1965	280	0
243.76	1796.7	1966	280	0
241.77	1796.2	1967	280	1
239.49	1797.2	1968	280	1
239.9	1799.2	1969	280	0
239.95	1800.1	1970	280	1
239.14	1799.6	1971	280	1
239.3	1800.6	1972	280	1
239	1800.7	1973	280	1
238.23	1800.2	1974	280	0
237.38	1799.1	1975	280	0
237.53	1797.7	1976	280	1
236.95	1798.2	1977	280	0
236.61	1800.8	1978	280	1
238.6	1800	1979	280	1
238.61	1801.4	1980	280	0
241.14	1802.1	1981	280	1
240.14	1803.1	1982	280	0
238.93	1804.1	1983	280	1
240.47	1804.4	1984	280	1
240.62	1806.2	1985	280	1
241.16	1807	1986	280	1
240.78	1806.7	1987	280	1
243.74	1803.9	1988	280	0
246.07	1802.3	1989	280	0
248	1801.1	1990	280	1
249.36	1799.2	1991	280	1
249.25	1798.5	1992	280	1
245.7	1799.4	1993	280	0
243.16	1799.7	1994	280	0
241.76	1799	1995	280	0
240.21	1800.6	1996	280	0
237.63	1801.6	1997	280	0
235	1801	1998	280	0
232.37	1799.6	1999	280	0
229.81	1797.5	2000	280	0
227.7	1794.3	2001	280	0
226.58	1790.1	2002	280	0
225.5	1785	2003	280	0
224.79	1781.2	2004	280	1
224.5	1780.8	2005	280	1
224.78	1784.3	2006	280	0
225.88	1786.8	2007	280	0
225.93	1788.9	2008	280	0
225.85	1791.3	2009	280	0
225.73	1792.7	2010	280	1
225.96	1791.5	2011	280	0
225.9	1790.7	2012	280	1
227.82	1790.2	2013	280	0
229.65	1790.7	2014	280	0
231.16	1789.3	2015	280	0
232.5	1789	2016	280	1
233.31	1789.9	2017	280	1
233.1	1790.3	2018	280	0
232.72	1790.9	2019	280	0
231.98	1791.9	2020	280	0
232.81	1792.4	2021	280	0
235.3	1795.4	2022	280	0
237.58	1798.7	2023	280	0
240.19	1802	2024	280	0
242.16	1803	2025	280	0
246.82	1798.6	2026	280	0
252.91	1794.9	2027	280	0
257.94	1791.2	2028	280	0
262.5	1787.5	2029	280	0
267.47	1784.2	2030	280	0
272.45	1779.7	2031	280	0
276.97	1775.6	2032	280	0
282.5	1771.5	2033	280	0
287	1768	2034	280	0
292.18	1764.2	2035	280	0
298	1760	2036	280	0
303.78	1755.5	2037	280	0
309.93	1751	2038	280	0
314.31	1748.5	2039	280	1
309.48	1752.4	2040	280	1
305.67	1761	2041	280	0
302.87	1767.7	2042	280	0
289.5	1208	1373	192	0
287.75	1210.7	1374	192	0
286.75	1212.8	1375	192	0
285	1215.7	1376	192	0
284.82	1217.8	1377	192	0
284	1219.5	1378	192	0
282.52	1221.4	1379	192	0
281.3	1223.2	1380	192	0
278.72	1226.2	1381	192	0
276.03	1228.1	1382	192	0
273.87	1230.1	1383	192	0
272.59	1232	1384	192	1
274	1231	1385	192	0
278.13	1226.6	1386	192	0
282.46	1222.3	1387	192	0
287.97	1218.6	1388	192	0
292.89	1215.3	1389	192	0
296.5	1211	1390	192	0
301	1206.5	1391	192	0
304.11	1203.1	1392	192	0
307.3	1198.2	1393	192	0
309.12	1196.7	1394	192	1
306.24	1199.4	1395	192	0
303.41	1202.2	1396	192	0
300	1206	1397	192	0
296.65	1208.9	1398	192	0
293.73	1210.5	1399	192	0
290.61	1213.7	1400	192	0
287.92	1218.4	1401	192	0
284.73	1220.8	1402	192	0
283.11	1223.3	1403	192	0
280.88	1227	1404	192	0
279.02	1230.8	1405	192	0
276.46	1233.7	1406	192	0
273.81	1237	1407	192	0
270.98	1239.9	1408	192	0
269.13	1241.7	1409	192	0
267	1244.5	1410	192	0
264.73	1246.6	1411	192	0
262.27	1248.2	1412	192	0
261.21	1251.1	1413	192	0
260.28	1252.3	1414	192	1
263.43	1248.4	1415	192	0
268	1243	1416	192	0
273	1239.1	1417	192	0
277.26	1235.8	1418	192	0
280.26	1234.4	1419	192	1
277.5	1236.5	1420	192	0
273.7	1239.6	1421	192	0
269.81	1241.6	1422	192	0
265.55	1244.8	1423	192	0
260.21	1247.4	1424	192	0
257.72	1249.8	1425	192	0
255.14	1250.6	1426	192	0
252.86	1252.1	1427	192	0
249.87	1253.7	1428	192	0
247.5	1256	1429	192	0
245.39	1258	1430	192	0
242.71	1260.3	1431	192	0
241.37	1263.2	1432	192	0
239.5	1264.5	1433	192	0
238	1266.5	1434	192	0
237.24	1268.6	1435	192	0
234.77	1271.6	1436	192	0
233.12	1274.7	1437	192	0
231.52	1276.6	1438	192	0
229	1278	1439	192	0
226.52	1278.9	1440	192	0
224.5	1280	1441	192	0
221.66	1281.7	1442	192	0
219.5	1282.5	1443	192	0
217.74	1283.6	1444	192	0
215.67	1285.1	1445	192	0
212.97	1284.4	1446	192	0
210.46	1285	1447	192	0
207.33	1286.2	1448	192	0
205.34	1286.9	1449	192	0
202.79	1286.8	1450	192	0
200.55	1289	1451	192	0
198.76	1289.9	1452	192	0
194.73	1293	1453	192	0
195.12	1294.3	1454	192	0
192.53	1294.7	1455	192	0
189.5	1294.5	1456	192	0
186.3	1296.3	1457	192	0
183	1298.6	1458	192	0
180	1299.5	1459	192	0
177	1301	1460	192	0
175.3	1299.7	1461	192	0
174	1299	1462	192	1
175	1298	1463	192	1
179	1297	1464	192	0
181.77	1296.8	1465	192	0
185.19	1296.8	1466	192	0
188.06	1296.1	1467	192	0
191.97	1295.4	1468	192	0
195.73	1293.2	1469	192	0
200.5	1292	1470	192	0
203.52	1290.6	1471	192	0
203.48	1290.4	1472	192	0
200.9	1291.3	1473	192	0
1795.8	834.82	2126	304	0
1794.8	838.41	2127	304	0
1794.4	841.13	2128	304	0
1794.5	842.48	2129	304	1
1795.2	844.19	2130	304	1
1795.6	845.86	2131	304	1
1796.4	846.52	2132	304	0
1801.8	845.8	2133	304	0
1804.7	846.12	2134	304	0
1806.5	846.21	2135	304	0
1807.6	844.48	2136	304	1
1808.5	844	2137	304	0
1807.4	840.44	2138	304	1
1801.6	842.15	2139	304	1
1804.5	846.15	2140	304	1
1806.2	841.32	2141	304	1
1801.5	840.5	2142	304	0
1800.1	845	2143	304	1
1803.8	843.66	2144	304	0
1801.5	839	2145	304	1
1800.5	839.74	2146	304	1
1802.3	840.19	2147	304	0
1803	841	2148	304	1
1802.5	841	2149	304	0
1803.9	840.87	2150	304	0
1806	841	2151	304	0
1808.7	841	2152	304	1
1810.3	840.35	2153	304	1
1810.6	839.76	2154	304	1
1809.2	835.74	2155	304	1
1806.4	830.77	2156	304	0
1804.2	826.27	2157	304	0
1802.9	823.3	2158	304	0
1799.4	818.97	2159	304	1
1798.5	818.12	2160	304	1
1800.1	821.23	2161	304	0
1804.4	824.47	2162	304	1
1807.5	824.25	2163	304	1
1804.7	823.27	2164	304	0
1799.5	823.76	2165	304	1
1797.5	825.5	2166	304	1
1801.6	829	2167	304	1
1801.7	829.13	2168	304	0
1801.2	831.27	2169	304	0
1800.5	835	2170	304	1
1797.1	833.03	2171	304	1
1796.8	827.06	2172	304	0
1799.7	821.97	2173	304	1
1801.1	822.52	2174	304	1
1798.4	827.42	2175	304	0
1792.6	828.33	2176	304	1
1789.1	823.03	2177	304	0
1790	818.22	2178	304	0
1791.5	817	2179	304	1
1790	818	2180	304	0
1789.2	820.97	2181	304	1
1785.4	821.97	2182	304	1
1785.7	819.65	2183	304	1
1786	820.5	2184	304	1
1785.2	818.67	2185	304	0
1781.2	814.68	2186	304	0
1779.3	810.87	2187	304	0
1778.4	805.91	2188	304	0
1776.4	800.52	2189	304	0
1773.4	796.65	2190	304	0
1771.5	797.5	2191	304	0
1768.6	797.67	2192	304	0
1765.8	798.33	2193	304	0
1763.8	799.1	2194	304	0
1761.7	798.21	2195	304	0
1759.8	797.38	2196	304	0
1756.9	796.61	2197	304	0
1754.1	794.98	2198	304	0
1752.8	793	2199	304	0
1751.7	789.76	2200	304	0
1749.2	786.16	2201	304	0
1746.7	782.77	2202	304	0
1743.3	780.51	2203	304	0
1741.1	778.07	2204	304	0
1739.7	775.14	2205	304	0
1739.4	770.18	2206	304	0
1739.4	767.86	2207	304	0
1736.8	762.54	2208	304	0
1735.3	758.29	2209	304	0
1735.7	754.81	2210	304	1
1734.6	759.03	2211	304	0
1734.8	761.5	2212	304	1
1735.3	761.28	2213	304	1
1732.2	762.35	2214	304	0
1728	762.78	2215	304	0
1726	763.5	2216	304	0
1724.5	763.5	2217	304	0
1723.1	764.39	2218	304	0
1721.5	764.5	2219	304	0
1719.9	765.13	2220	304	0
1718.9	765.24	2221	304	0
818.45	1992.7	1300	182	0
821.08	1984.9	1301	182	0
824.69	1979.3	1302	182	0
827.41	1972.4	1303	182	0
829.33	1964.8	1304	182	0
830.86	1958.6	1305	182	0
832.34	1952.2	1306	182	0
833.29	1947.7	1307	182	0
835.02	1941.5	1308	182	0
836.86	1934.8	1309	182	0
838.44	1928.2	1310	182	0
839.41	1921.6	1311	182	0
841.28	1915.8	1312	182	0
842.88	1909	1313	182	0
845.23	1902.9	1314	182	0
847.41	1897.2	1315	182	0
848.62	1891.2	1316	182	0
849.9	1885.7	1317	182	0
850.19	1883.1	1318	182	0
849.63	1876.3	1319	182	0
848.82	1869.1	1320	182	0
848.92	1862.8	1321	182	0
849	1856.5	1322	182	1
849	1855.5	1323	182	1
849.89	1856.5	1324	182	1
849.5	1856.5	1325	182	1
849.35	1857.3	1326	182	0
849.78	1859	1327	182	1
849	1859.5	1328	182	1
848.5	1859.5	1329	182	1
848.74	1862.5	1330	182	0
849.79	1867.9	1331	182	0
850.89	1874.1	1332	182	0
851.1	1877.8	1333	182	0
852	1881.5	1334	182	0
852.67	1884.8	1335	182	0
852.78	1888	1336	182	0
852.24	1889.3	1337	182	0
852.1	1890.8	1338	182	0
852	1892.5	1339	182	0
852.71	1894.1	1340	182	0
853.1	1895.8	1341	182	0
852.9	1898.2	1342	182	0
853.59	1900.5	1343	182	0
854	1902.6	1344	182	0
853.65	1903.7	1345	182	0
854.1	1905.8	1346	182	0
855	1907.5	1347	182	0
855.33	1909.2	1348	182	0
856.23	1911.2	1349	182	1
856.11	1911.5	1350	182	0
856.07	1913.6	1351	182	0
856.41	1916	1352	182	0
857	1917.5	1353	182	0
857	1919.5	1354	182	0
856.41	1921	1355	182	0
856.22	1923	1356	182	0
856	1925.5	1357	182	1
856	1925.5	1358	182	1
855.78	1926	1359	182	1
856	1926.5	1360	182	1
856.09	1924.8	1361	182	0
856.13	1918.3	1362	182	0
855.85	1911.9	1363	182	0
855.85	1906.7	1364	182	0
856.09	1902.3	1365	182	0
856.22	1896.1	1366	182	0
857.27	1889.3	1367	182	0
859.21	1882.6	1368	182	0
860.5	1875.3	1369	182	0
861.11	1869.1	1370	182	0
861.69	1862.4	1371	182	0
862.57	1856	1372	182	0
863.42	1848.9	1373	182	0
864.65	1842.4	1374	182	0
865.93	1836.2	1375	182	0
868.34	1828.8	1376	182	0
868.58	1822	1377	182	0
869.52	1816.2	1378	182	0
871.85	1809.4	1379	182	0
875.5	1803.4	1380	182	0
878.79	1798.4	1381	182	1
878.84	1797.7	1382	182	1
878.1	1802.2	1383	182	0
876.21	1806.5	1384	182	0
875.27	1811.2	1385	182	0
875.39	1812.5	1386	182	0
874.79	1813.5	1387	182	0
873.75	1814.7	1388	182	0
874.06	1816.4	1389	182	0
874.12	1817.4	1390	182	0
872.35	1820.3	1391	182	0
1867.1	1532.4	1290	176	0
1867.3	1532.7	1291	176	0
1867.4	1531.9	1292	176	0
1868.4	1532.3	1293	176	0
1868.7	1531.8	1294	176	1
1868.7	1532.1	1295	176	1
1868.3	1531.7	1296	176	1
1868.1	1532.5	1297	176	1
1867.5	1532.5	1298	176	1
1867.3	1532.7	1299	176	1
1863.8	1531.4	1300	176	0
1860.5	1529	1301	176	0
1856.7	1525.6	1302	176	0
1853.8	1522.4	1303	176	0
1850.8	1519.5	1304	176	0
1848.2	1516.3	1305	176	0
1846	1512.1	1306	176	0
1842.8	1508.7	1307	176	0
1839.8	1505.2	1308	176	0
1837.6	1501.7	1309	176	0
1835.3	1497.8	1310	176	0
1832.3	1493.9	1311	176	0
1829.6	1490.4	1312	176	0
1827.6	1487	1313	176	0
1825.3	1483	1314	176	0
1821.4	1478.7	1315	176	0
1818.2	1475.6	1316	176	0
1815	1472.8	1317	176	0
1812	1469	1318	176	0
1809.5	1464.2	1319	176	0
1805.8	1459.9	1320	176	0
1801.8	1456	1321	176	0
1799.4	1451.5	1322	176	1
1797.9	1451.1	1323	176	1
1800.3	1455.9	1324	176	0
1802.3	1460.3	1325	176	0
1803.6	1465.3	1326	176	0
1805.2	1470.2	1327	176	0
1806	1475	1328	176	0
1807.6	1480	1329	176	0
1809	1485.3	1330	176	0
1811.2	1490.2	1331	176	0
1813	1494.4	1332	176	0
1814	1499	1333	176	0
1814.4	1504.4	1334	176	0
1815	1508.8	1335	176	0
1815.7	1513.7	1336	176	1
1815.8	1512.1	1337	176	0
1816	1508	1338	176	0
1815.1	1504.1	1339	176	0
1814.9	1499.7	1340	176	0
1814	1496.3	1341	176	0
1812.4	1492.4	1342	176	0
1810.8	1489.3	1343	176	0
1809.5	1487	1344	176	0
1808.6	1485.4	1345	176	0
1806.7	1482.8	1346	176	0
1804.7	1479.6	1347	176	0
1803.6	1477.4	1348	176	0
1803	1475	1349	176	0
1802.1	1472	1350	176	0
1800.7	1468.6	1351	176	0
1799.6	1465.6	1352	176	0
1798.1	1463	1353	176	0
1796.7	1460.5	1354	176	0
1795.4	1457.5	1355	176	0
1794.1	1453.8	1356	176	0
1792.4	1451.1	1357	176	0
1790.7	1449.1	1358	176	0
1788.7	1446.6	1359	176	0
1786.9	1443.8	1360	176	0
1784	1441.3	1361	176	0
1781.7	1439	1362	176	0
1780.3	1437.5	1363	176	0
1778.2	1435.6	1364	176	0
1776	1433.4	1365	176	0
1774.8	1431.6	1366	176	1
1774.7	1430.9	1367	176	1
1779.4	1434.6	1368	176	0
1783.8	1438.1	1369	176	0
1789	1441.9	1370	176	0
1794.3	1445.3	1371	176	0
1799	1449.6	1372	176	0
1802.9	1453.9	1373	176	0
1807	1457.3	1374	176	0
1812.7	1461	1375	176	0
1817.7	1464.9	1376	176	0
1821.3	1467.9	1377	176	0
1825	1472.1	1378	176	0
1827.8	1474.7	1379	176	0
1826	1473	1380	176	0
1976	1172.5	821	121	0
1974.8	1172.9	822	121	0
1971.6	1174.6	823	121	0
1969.6	1175.6	824	121	0
1967.4	1175.5	825	121	0
1965.7	1176	826	121	0
1963.5	1177.6	827	121	0
1961.5	1179.5	828	121	0
1961.3	1180.7	829	121	0
1958.7	1183.1	830	121	0
1958.9	1184.3	831	121	0
1959.2	1186.8	832	121	0
1960.3	1188.3	833	121	0
1961.6	1189.7	834	121	0
1962.6	1191.3	835	121	0
1964.5	1194	836	121	0
1966.2	1196.3	837	121	0
1968.9	1199.3	838	121	0
1971.2	1202.2	839	121	0
1974.2	1204.2	840	121	0
1977.2	1206.8	841	121	0
1978.9	1211.4	842	121	0
1980.7	1213.7	843	121	0
1982.2	1216.8	844	121	0
1983.8	1217.8	845	121	0
1985.8	1219.3	846	121	1
1980.6	1221.4	847	121	0
1975.7	1225.3	848	121	0
1971.2	1230.5	849	121	0
1965.8	1234.2	850	121	0
1961.2	1238.1	851	121	0
1958.3	1240.3	852	121	1
1959.5	1240.4	853	121	1
1962.1	1238.7	854	121	0
1965.1	1236.5	855	121	1
1965.5	1235.7	856	121	1
1965.1	1234.5	857	121	0
1964.2	1233.4	858	121	1
1964.5	1233.5	859	121	0
1965.5	1232.6	860	121	0
1963.6	1230.3	861	121	1
1964.2	1228	862	121	1
1964.8	1226.7	863	121	1
1969.8	1232.8	864	121	0
1973.3	1237.3	865	121	0
1976.7	1243.2	866	121	0
1980.7	1249.3	867	121	0
1984.9	1255.8	868	121	0
1989.7	1262.6	869	121	0
1995	1269.1	870	121	0
1999.5	1274.7	871	121	0
2004.3	1280.3	872	121	0
2005.3	1282.9	873	121	1
2003.5	1279.8	874	121	0
2000.1	1276	875	121	0
1996.5	1272.3	876	121	0
1993.7	1270	877	121	0
1992.2	1266.5	878	121	0
1992.4	1264.4	879	121	0
1993	1263	880	121	0
1993	1262	881	121	1
1992.8	1262.2	882	121	0
1993.3	1263.1	883	121	0
1994.8	1263.9	884	121	0
1996.2	1263.8	885	121	0
1998.1	1265.3	886	121	0
1999.8	1264.8	887	121	0
2001.3	1263.8	888	121	0
2003.2	1262.9	889	121	0
2002.4	1260.5	890	121	0
2003.5	1257.8	891	121	0
2004.3	1255	892	121	0
2004.6	1251.8	893	121	0
2004.6	1247.6	894	121	0
2003.8	1244.8	895	121	0
2003	1241.5	896	121	0
2002.5	1238.5	897	121	0
2002.8	1235.5	898	121	0
2002.7	1233.3	899	121	0
2002.5	1230.5	900	121	0
2002.5	1228	901	121	0
2002.1	1225	902	121	1
2002	1224.5	903	121	1
1997.3	1227	904	121	0
1992.3	1228.3	905	121	0
1988.5	1229.5	906	121	0
1983.9	1231.2	907	121	0
1979.5	1233	908	121	0
1788.1	109.71	2194	311	0
1794.4	112.49	2195	311	0
1801	116.4	2196	311	0
1808.9	118.82	2197	311	0
1815.1	121.88	2198	311	0
1821.4	124.54	2199	311	1
1822.7	125.42	2200	311	1
1817.8	122.76	2201	311	0
1813.2	120.02	2202	311	0
1809.6	118.18	2203	311	0
1806.5	117.07	2204	311	0
1802.5	115.04	2205	311	0
1799.5	113	2206	311	0
1796.5	111.34	2207	311	0
1793.5	109.06	2208	311	0
1790.6	107.26	2209	311	0
1787.5	105.26	2210	311	0
1784.4	103.82	2211	311	0
1781.6	103.11	2212	311	0
1778.2	102.52	2213	311	0
1774.8	101.76	2214	311	0
1771.6	99.896	2215	311	0
1768	97.706	2216	311	0
1765.2	95.875	2217	311	0
1761.6	95.109	2218	311	0
1758.8	93.735	2219	311	0
1755.5	91.224	2220	311	0
1753.6	89.109	2221	311	0
1750.7	86.16	2222	311	0
1748.4	82.375	2223	311	0
1745.5	79.84	2224	311	0
1742	77.551	2225	311	0
1738.7	75.044	2226	311	0
1735.3	73.217	2227	311	0
1732.6	70.625	2228	311	0
1730.1	68.25	2229	311	0
1727.7	66.959	2230	311	0
1724.5	65.723	2231	311	0
1721.2	64.875	2232	311	0
1717.7	63.244	2233	311	0
1714.9	63.681	2234	311	0
1711.2	63.667	2235	311	0
1706.8	63.413	2236	311	0
1703.5	62.578	2237	311	0
1699.7	61.756	2238	311	0
1697	62.043	2239	311	0
1693.4	61.595	2240	311	0
1690.2	60.15	2241	311	0
1686.6	59.191	2242	311	0
1682	57.771	2243	311	0
1678.2	56.453	2244	311	0
1674.8	54.189	2245	311	0
1671	52.157	2246	311	0
1667.6	50.178	2247	311	0
1664.1	48.936	2248	311	0
1661.2	48.667	2249	311	0
1657.1	46.844	2250	311	0
1653.6	45.2	2251	311	0
1649.9	42.865	2252	311	0
1647	41.5	2253	311	0
1644.7	39.387	2254	311	0
1642	38.5	2255	311	0
1639.2	37.625	2256	311	0
1636.3	36.346	2257	311	0
1633	35	2258	311	0
1629.6	34.76	2259	311	0
1626.4	34	2260	311	0
1623.2	33.593	2261	311	0
1620.3	33.654	2262	311	0
1617.6	33.893	2263	311	0
1614.8	33.625	2264	311	0
1611.4	33.686	2265	311	0
1608.5	33.091	2266	311	0
1605	34	2267	311	0
1600.9	35.389	2268	311	0
1596.7	36	2269	311	0
1592.9	36.914	2270	311	0
1588.3	36.947	2271	311	0
1585	37.244	2272	311	0
1582.1	37.425	2273	311	0
1577.7	36.806	2274	311	0
1574.7	37.676	2275	311	0
1571.4	38.703	2276	311	0
1568.9	39.486	2277	311	0
1031.4	737.49	1201	160	0
1031.5	733.75	1202	160	0
1031.1	731.38	1203	160	0
1030.4	728.47	1204	160	0
1030.6	726.35	1205	160	0
1030.4	724.69	1206	160	0
1029.8	722.51	1207	160	0
1029.8	719.27	1208	160	0
1029.3	716.83	1209	160	0
1028.8	714.33	1210	160	0
1028.5	710.85	1211	160	0
1028.7	707.12	1212	160	0
1028.4	704.14	1213	160	0
1027.6	701.86	1214	160	0
1026.6	699.97	1215	160	0
1026.7	697.83	1216	160	0
1025.6	694.97	1217	160	0
1024.6	691.97	1218	160	0
1024.1	689.83	1219	160	0
1022.4	686.52	1220	160	0
1020.3	684.31	1221	160	0
1018.6	681.83	1222	160	0
1016.5	679.5	1223	160	0
1015	678.5	1224	160	0
1013.3	677.76	1225	160	1
1013.9	681.55	1226	160	0
1014.4	685.48	1227	160	0
1013.8	689.27	1228	160	0
1013.9	693.3	1229	160	0
1014.7	697.55	1230	160	0
1014.7	702.5	1231	160	0
1013.9	707.45	1232	160	0
1012.7	711.9	1233	160	0
1011.7	716.45	1234	160	0
1011.2	721	1235	160	0
1011.7	725.5	1236	160	0
1011	728.5	1237	160	1
1011	727	1238	160	0
1010.2	723.79	1239	160	0
1009.3	719.45	1240	160	0
1008.7	715.33	1241	160	0
1008.1	711.83	1242	160	0
1008.4	708.45	1243	160	0
1007.7	703.76	1244	160	0
1007	699.5	1245	160	0
1007.1	696.17	1246	160	0
1007.1	692.32	1247	160	0
1007.2	688.97	1248	160	0
1008.4	685.46	1249	160	0
1009	680.88	1250	160	0
1009	677.12	1251	160	0
1009	673.38	1252	160	0
1008.6	668.58	1253	160	0
1008	664.45	1254	160	0
1007.6	659.44	1255	160	0
1008.5	655	1256	160	0
1010	650.67	1257	160	0
1010.7	645.65	1258	160	0
1011.5	642	1259	160	0
1013	638.33	1260	160	0
1012.6	634.02	1261	160	0
1012.5	629.86	1262	160	0
1012.2	625.68	1263	160	0
1011.7	621.53	1264	160	0
1011	618.5	1265	160	0
1010.2	614.64	1266	160	0
1010.2	610.76	1267	160	0
1010.8	606.67	1268	160	0
1011.5	602.5	1269	160	0
1010.6	598.63	1270	160	0
1010.3	594.39	1271	160	0
1010.1	590.46	1272	160	0
1009.6	586	1273	160	0
1009.8	581.91	1274	160	0
1010.5	579	1275	160	0
1010.6	577.74	1276	160	1
1010.5	580.3	1277	160	0
1009	584.81	1278	160	0
1007.2	588.4	1279	160	0
1007	592.5	1280	160	0
1007	595.5	1281	160	0
1006.3	598.96	1282	160	0
1917	801.56	2228	315	0
1918.5	803.36	2229	315	0
1920	804.56	2230	315	0
1922.4	805.58	2231	315	0
1924.6	806.69	2232	315	0
1926.4	808.68	2233	315	0
1927.8	809.87	2234	315	0
1930.5	810.1	2235	315	0
1932.5	810.65	2236	315	0
1935.2	811.5	2237	315	0
1937.1	811.39	2238	315	0
1939.1	811.52	2239	315	0
1940.7	811.88	2240	315	0
1942.1	811	2241	315	0
1944.7	811.15	2242	315	0
1947.3	810.88	2243	315	0
1949.3	809.88	2244	315	0
1952.3	807.88	2245	315	0
1954.3	806.88	2246	315	0
1957.1	804.88	2247	315	0
1960	804.69	2248	315	0
1962.6	805	2249	315	0
1963.6	804.03	2250	315	0
1963.3	801.88	2251	315	0
1964.3	800.29	2252	315	0
1964.9	798.22	2253	315	0
1965.5	795.5	2254	315	0
1966.3	793.88	2255	315	0
1967.3	792.5	2256	315	0
1966.1	787.45	2257	315	0
1964.2	780.21	2258	315	0
1961.8	773.72	2259	315	0
1958.8	766.77	2260	315	0
1956.8	759.73	2261	315	0
1957	752.24	2262	315	0
1955.6	744.77	2263	315	0
1955.4	736.23	2264	315	0
1955.9	728.57	2265	315	0
1955.9	721.67	2266	315	0
1954.4	713.77	2267	315	0
1954.4	706.23	2268	315	0
1954.5	699.26	2269	315	0
1953	691.11	2270	315	0
1952.1	683.56	2271	315	0
1950.4	676.18	2272	315	0
1948.5	668.5	2273	315	0
1947.2	660.73	2274	315	0
1945.2	653.29	2275	315	0
1943.3	646.18	2276	315	0
1941.8	637.95	2277	315	0
1939.9	630.29	2278	315	0
1939.2	626.33	2279	315	1
1941.3	631.17	2280	315	0
1942.4	635.34	2281	315	0
1943.8	639.29	2282	315	0
1945.2	643.03	2283	315	0
1944.4	647.16	2284	315	0
1945.1	651	2285	315	0
1945.6	655.26	2286	315	0
1946.5	658	2287	315	0
1946.9	662.3	2288	315	0
1947.5	665.5	2289	315	1
1947	666.86	2290	315	1
1947.1	667.33	2291	315	1
1945.8	666.3	2292	315	1
1944.9	663.67	2293	315	0
1944	661.5	2294	315	0
1943.4	658.79	2295	315	0
1942.9	655.8	2296	315	0
1942.4	652.03	2297	315	0
1941.6	648.97	2298	315	0
1941.8	645.87	2299	315	0
1942.8	643.66	2300	315	0
1943.3	641.9	2301	315	1
1941.4	640.64	2302	315	0
1940.7	640.44	2303	315	1
1941.7	642.74	2304	315	1
1942.8	643.29	2305	315	0
1944.1	644.63	2306	315	0
1730.3	271.83	1402	194	0
1733.3	266.88	1403	194	0
1735.6	261.54	1404	194	0
1738.2	254.97	1405	194	0
1741.5	248.5	1406	194	0
1744.5	243	1407	194	0
1749	238.5	1408	194	0
1754.3	234.16	1409	194	0
1759.9	229.77	1410	194	0
1765.1	227.25	1411	194	0
1770.4	225.97	1412	194	0
1777.6	224.83	1413	194	0
1783.9	223.55	1414	194	0
1792	221.69	1415	194	0
1799.9	219.59	1416	194	0
1805.4	217.69	1417	194	0
1812.9	217.13	1418	194	0
1815	217	1419	194	1
1812.9	216.59	1420	194	0
1809.3	216.67	1421	194	0
1805.8	216.82	1422	194	0
1801.8	218.27	1423	194	0
1798.8	221	1424	194	0
1795.8	222.2	1425	194	0
1792.7	222.39	1426	194	0
1788.3	223.28	1427	194	0
1785.3	223.85	1428	194	0
1781.8	224.62	1429	194	0
1779	224.22	1430	194	0
1775.5	224.11	1431	194	0
1772.5	224	1432	194	0
1768.8	224.9	1433	194	0
1765.9	225	1434	194	0
1763.3	225.12	1435	194	0
1760.4	226	1436	194	0
1756.4	226	1437	194	0
1753.1	226.29	1438	194	0
1748.8	226.8	1439	194	0
1745.7	227.5	1440	194	0
1743.2	228.3	1441	194	0
1741.2	227.67	1442	194	0
1739.4	227.02	1443	194	0
1737.9	228.24	1444	194	0
1735.8	228.42	1445	194	0
1734.6	228.51	1446	194	0
1733.6	229.71	1447	194	0
1732	230.59	1448	194	1
1732.5	230.59	1449	194	1
1735.6	225.83	1450	194	0
1738.9	220.85	1451	194	0
1743.4	215.45	1452	194	0
1746.9	210.47	1453	194	0
1750.3	206.55	1454	194	0
1752.9	202.48	1455	194	0
1755.8	199.35	1456	194	0
1759.8	194.81	1457	194	0
1763.3	191	1458	194	1
1763.5	190.38	1459	194	1
1760.9	192.33	1460	194	0
1757.5	195.5	1461	194	0
1755.2	198.36	1462	194	0
1752.6	201.62	1463	194	0
1751.2	204.18	1464	194	0
1749.3	206.41	1465	194	0
1747.1	208.49	1466	194	0
1743.8	209.96	1467	194	0
1740.8	211.91	1468	194	0
1738.7	213.42	1469	194	0
1737.3	216.14	1470	194	0
1734.6	217.89	1471	194	0
1731.1	220.33	1472	194	0
1728	221.5	1473	194	0
1725.4	222.05	1474	194	0
1475.5	1466.3	585	91	0
1474	1466	586	91	0
1472.6	1465.3	587	91	0
1471.1	1463.9	588	91	0
1470.1	1461	589	91	0
1467.9	1453	590	91	0
1467.1	1447	591	91	0
1465.6	1442	592	91	0
1462.3	1436.3	593	91	0
1460.4	1432.5	594	91	1
1461.1	1433.8	595	91	0
1464.6	1432.9	596	91	0
1467.1	1436.6	597	91	1
1462.3	1440	598	91	0
1458.2	1441	599	91	1
1460.1	1439.5	600	91	0
1466.5	1440.2	601	91	1
1468.3	1445.1	602	91	1
1464.5	1450	603	91	0
1463.9	1451.6	604	91	1
1469.2	1450.1	605	91	0
1474.5	1450	606	91	0
1479	1448	607	91	0
1481.8	1444	608	91	0
1483	1443.3	609	91	1
1481.9	1445.8	610	91	1
1480.9	1445.8	611	91	1
1479	1442	612	91	0
1474.8	1440.5	613	91	0
1469.1	1442.2	614	91	1
1465.9	1447.7	615	91	0
1467	1454	616	91	1
1472.8	1457	617	91	0
1476.7	1456.1	618	91	1
1476.5	1451.2	619	91	0
1472.7	1446.4	620	91	1
1466.5	1446.4	621	91	1
1463.2	1450.8	622	91	1
1464.6	1457.4	623	91	0
1467.3	1460.7	624	91	1
1466.7	1459.3	625	91	0
1462.9	1456.2	626	91	0
1458.7	1452.8	627	91	0
1455.9	1451.7	628	91	1
1456.1	1451.3	629	91	1
1453	1452.4	630	91	0
1452.7	1457.8	631	91	1
1457.3	1458.4	632	91	0
1462.1	1453.5	633	91	1
1460.8	1452.3	634	91	1
1458.8	1456.5	635	91	0
1460.7	1461.4	636	91	1
1466.2	1460.8	637	91	0
1469	1457.4	638	91	1
1466.2	1459.1	639	91	0
1464.9	1464.6	640	91	1
1468.9	1466.1	641	91	1
1473.1	1462.4	642	91	0
1473	1460.9	643	91	1
1471.5	1466.9	644	91	0
1474.5	1472.5	645	91	1
1480.3	1473	646	91	0
1484.4	1468.6	647	91	0
1483.3	1467.5	648	91	0
1486.2	1467.5	649	91	0
1490.8	1464.2	650	91	0
1493.3	1461	651	91	0
1496.6	1460.2	652	91	0
302.67	1869.2	2230	316	0
302.83	1871	2231	316	0
302.39	1870.3	2232	316	0
301.61	1869.1	2233	316	0
302.32	1868.3	2234	316	0
301.92	1867.9	2235	316	0
301.77	1867.3	2236	316	0
301.74	1865.8	2237	316	0
301.18	1865.2	2238	316	0
301.87	1862.1	2239	316	0
301.83	1860.5	2240	316	0
301.61	1859.3	2241	316	1
301.65	1860.4	2242	316	1
301.87	1859.9	2243	316	0
304.2	1857.9	2244	316	1
302	1858.3	2245	316	1
303.05	1856.2	2246	316	1
302.6	1856	2247	316	1
301.83	1857.1	2248	316	0
302.17	1858.5	2249	316	0
301.82	1858.9	2250	316	0
302.26	1860	2251	316	0
302.26	1861	2252	316	0
302.91	1861	2253	316	0
302.82	1862	2254	316	0
302.71	1863.8	2255	316	0
302.21	1864.5	2256	316	0
302.79	1865.5	2257	316	1
302	1866.5	2258	316	1
301.65	1867.3	2259	316	0
298.66	1875.2	2260	316	1
295.39	1876.8	2261	316	1
292.76	1876.7	2262	316	1
291.5	1877.5	2263	316	1
290.89	1875.5	2264	316	0
292	1875.1	2265	316	0
291.24	1874.7	2266	316	0
291.9	1872.8	2267	316	0
293.79	1872.5	2268	316	0
294.88	1873.3	2269	316	1
293.76	1874.3	2270	316	1
292	1873.7	2271	316	0
291	1872.5	2272	316	0
290.35	1871.7	2273	316	1
290.14	1870	2274	316	1
291.32	1869.8	2275	316	1
290.5	1871.2	2276	316	0
289.48	1872.1	2277	316	1
288.35	1871.7	2278	316	1
287.5	1869.8	2279	316	0
287.38	1868.8	2280	316	1
287.69	1869.6	2281	316	0
287.69	1871.7	2282	316	0
287.14	1874.1	2283	316	1
285.5	1876	2284	316	1
283.5	1877	2285	316	1
281.5	1878	2286	316	1
281.82	1879	2287	316	1
281.9	1880.8	2288	316	0
281.6	1884.8	2289	316	0
283.87	1892.9	2290	316	0
287.88	1902.2	2291	316	0
292.33	1910.2	2292	316	0
295.81	1916.2	2293	316	0
300.26	1922.3	2294	316	0
1605.5	1217.7	504	78	0
1605.6	1218	505	78	0
1604.4	1217	506	78	1
1605.6	1217.6	507	78	0
1606.3	1216.8	508	78	1
1604	1220.2	509	78	0
1603.4	1222.3	510	78	0
1601.9	1224.2	511	78	0
1598.7	1226.5	512	78	0
1596.1	1228.7	513	78	0
1594.3	1230.5	514	78	0
1592.2	1231.2	515	78	0
1590.2	1232.6	516	78	0
1587.9	1234.2	517	78	0
1584.8	1236.2	518	78	0
1582.7	1237.8	519	78	0
1581	1241	520	78	0
1577.4	1242.2	521	78	0
1573.9	1242.8	522	78	0
1571.4	1243.7	523	78	0
1568.2	1244.3	524	78	0
1565.2	1245.3	525	78	0
1562.4	1246.3	526	78	0
1559.5	1247.4	527	78	0
1556.4	1247.3	528	78	0
1553.3	1248.1	529	78	0
1551.6	1247.9	530	78	0
1550.1	1247.5	531	78	0
1548.2	1249.4	532	78	0
1546.1	1250	533	78	0
1543.3	1250.6	534	78	0
1541	1250.5	535	78	0
1538.8	1251.6	536	78	0
1536.6	1253.1	537	78	1
1533.8	1252	538	78	1
1536	1253.1	539	78	0
1536.9	1255.3	540	78	1
1535.2	1256.6	541	78	0
1533.5	1258	542	78	0
1531.4	1260.1	543	78	0
1528.7	1261.1	544	78	0
1526.6	1262.5	545	78	0
1524.3	1263.9	546	78	1
1523.6	1264.5	547	78	0
1521.1	1266.9	548	78	0
1521.5	1271.5	549	78	0
1520	1278.7	550	78	0
1518.1	1285.9	551	78	0
1517.6	1293.2	552	78	0
1517	1301.2	553	78	0
1517.6	1308.8	554	78	0
1517.8	1316.1	555	78	0
1518.5	1324.5	556	78	0
1518.8	1334	557	78	0
1518.4	1341.7	558	78	0
1517.4	1349	559	78	0
1515.4	1356.9	560	78	0
1513.7	1364.3	561	78	0
1511.5	1372.2	562	78	0
233.27	715.5	603	92	0
232.91	711.97	604	92	0
232.71	708.76	605	92	0
232.11	705.63	606	92	0
230.42	702.69	607	92	0
228.63	700.93	608	92	0
228.07	698.37	609	92	0
227.59	693.79	610	92	0
225.76	689.24	611	92	0
225.06	685.11	612	92	1
226.26	682.61	613	92	1
229.11	687.76	614	92	0
231.84	694.08	615	92	0
233.9	702.15	616	92	0
236.16	708.68	617	92	0
239.98	714.38	618	92	0
244	720.04	619	92	0
248.2	725.42	620	92	0
252.09	731.11	621	92	0
255.66	735.8	622	92	0
260	739.55	623	92	0
265.46	743.05	624	92	0
270.94	747.79	625	92	0
275.81	752.19	626	92	0
280	756.5	627	92	0
284.91	762.48	628	92	0
289.91	768.48	629	92	0
293.62	774.74	630	92	0
296.94	780.58	631	92	0
298.76	786.68	632	92	0
299.73	791.3	633	92	0
300	796.5	634	92	0
302.18	802.82	635	92	0
305.3	809.24	636	92	0
307.76	815.27	637	92	0
309.5	819	638	92	0
309.35	823	639	92	0
310.09	828.32	640	92	0
308.81	832.5	641	92	0
308.78	836.75	642	92	0
308.81	841.29	643	92	1
307.91	837.68	644	92	0
308.09	832.68	645	92	0
308	827	646	92	0
307.59	820.69	647	92	0
307.84	815	648	92	0
307.31	809.22	649	92	0
307.24	803.03	650	92	0
308.11	796.32	651	92	0
309.32	790.62	652	92	0
310.85	785.91	653	92	0
313.61	779.82	654	92	0
315.84	773.61	655	92	0
317.12	767.88	656	92	0
318.46	762.11	657	92	0
319.34	756.45	658	92	0
319.16	750.84	659	92	0
1766.8	1197	11	6	0
1766.2	1198.2	12	6	0
1765.4	1198.8	13	6	0
1764.1	1199.1	14	6	1
1763	1200.3	15	6	1
1762.6	1199.9	16	6	0
1757.2	1201.7	17	6	0
1750.2	1203.6	18	6	0
1743.2	1207.4	19	6	0
1737.2	1211.1	20	6	0
1731.7	1215.6	21	6	0
1726.4	1218.9	22	6	0
1720.2	1222.7	23	6	0
1713.7	1226.9	24	6	0
1707.2	1230.8	25	6	0
1701.6	1235.6	26	6	0
1696.7	1241	27	6	0
1691.7	1244.6	28	6	0
1687.6	1246.5	29	6	1
1688	1246	30	6	1
1691	1245	31	6	0
1695	1242.9	32	6	0
1698.8	1239.3	33	6	0
1700.5	1237.4	34	6	0
1702.5	1235.5	35	6	0
1705	1234	36	6	0
1707.3	1232.9	37	6	0
1708.8	1231.2	38	6	0
1710	1230.2	39	6	1
1710.3	1230.7	40	6	1
1710.2	1230.9	41	6	1
1712.3	1229.3	42	6	0
1713.2	1226.8	43	6	0
1714.1	1224.2	44	6	0
1714.5	1223	45	6	0
1716.3	1221	46	6	0
1717.4	1220	47	6	0
1718.2	1219.4	48	6	0
1720	1218.7	49	6	0
1722	1217.5	50	6	0
1723.4	1217.3	51	6	0
1725	1216.5	52	6	0
1724.4	1217.3	53	6	0
1725.8	1217.6	54	6	0
1727.3	1217.9	55	6	0
1729	1217.5	56	6	0
1731	1216.7	57	6	0
1732.2	1216.6	58	6	0
1732.8	1217.4	59	6	0
1631.4	769.82	1912	271	0
1627.9	768.11	1913	271	0
1630.4	768.57	1914	271	0
1631.1	770.61	1915	271	1
1628.8	771.31	1916	271	0
1625.6	772.79	1917	271	0
1622.2	775.24	1918	271	0
1618.9	777.14	1919	271	0
1615.9	778.39	1920	271	0
1614.3	780.18	1921	271	0
1612.2	781.27	1922	271	0
1611	782.5	1923	271	0
1608.6	783.63	1924	271	0
1607.3	785.34	1925	271	0
1606.1	787.48	1926	271	0
1604.8	789.58	1927	271	0
1604.4	791.81	1928	271	0
1603	795	1929	271	0
1601.5	797.5	1930	271	0
1599.9	799.83	1931	271	0
1599.2	802.79	1932	271	0
1599.3	809.75	1933	271	0
1599.8	816.39	1934	271	0
1600.4	824.77	1935	271	0
1600.1	831.92	1936	271	0
1601.4	838.61	1937	271	0
1603.2	843.62	1938	271	1
1603.1	841.64	1939	271	0
1604.1	839.41	1940	271	0
1604.1	837.57	1941	271	0
1604.2	836.58	1942	271	1
1606	838.74	1943	271	0
1607.9	840.67	1944	271	0
1610.4	841.75	1945	271	0
1613	844.3	1946	271	0
1615.9	846.18	1947	271	0
1619.5	846.81	1948	271	0
1622.9	846.76	1949	271	0
1626.2	847.5	1950	271	0
1629.2	847.5	1951	271	0
1631.9	846.22	1952	271	0
1634.3	845	1953	271	0
1636.8	842.95	1954	271	0
1639.3	841.85	1955	271	0
1642.4	840.76	1956	271	0
1645.3	840.04	1957	271	0
1648.2	838.88	1958	271	0
1701.4	1967.8	1970	276	0
1705.4	1963.8	1971	276	0
1710	1960.1	1972	276	0
1713.5	1958	1973	276	0
1718.6	1954	1974	276	0
1722.6	1951.1	1975	276	0
1727.4	1947.8	1976	276	0
1730.6	1944.4	1977	276	0
1734.5	1940.8	1978	276	0
1739.1	1937.8	1979	276	0
1743.6	1936	1980	276	0
1748.9	1933.4	1981	276	0
1753	1931	1982	276	0
1756.8	1928.8	1983	276	0
1760.9	1926.1	1984	276	0
1764.8	1923.3	1985	276	0
1769.5	1921.6	1986	276	0
1773.3	1918.8	1987	276	0
1776.8	1916.4	1988	276	0
1781	1913.1	1989	276	0
1785.8	1909.2	1990	276	0
1788.4	1906.4	1991	276	1
1788.7	1906.2	1992	276	1
1787	1907.7	1993	276	0
1783.8	1909.4	1994	276	0
1780	1911.5	1995	276	0
1775.7	1912.9	1996	276	0
1772	1914.6	1997	276	0
1767.3	1916.6	1998	276	0
1763.9	1917.4	1999	276	0
1761.5	1917.5	2000	276	0
1759.2	1918.7	2001	276	0
1757.5	1919	2002	276	0
1755	1918.9	2003	276	0
1751.4	1919	2004	276	0
1748	1919.1	2005	276	0
1745.3	1919.1	2006	276	0
1742.4	1919.5	2007	276	0
1739.4	1920.8	2008	276	0
1737.3	1920.9	2009	276	0
1735.9	1921.2	2010	276	0
1733.7	1922.5	2011	276	1
1736	1923	2012	276	0
1741	1922.9	2013	276	0
1746	1922.2	2014	276	1
1744.6	1922.1	2015	276	0
1739.5	1921.8	2016	276	0
927.13	543.61	2134	297	0
926.79	540.62	2135	297	0
925.09	537.93	2136	297	0
923.1	535.02	2137	297	0
921.74	531.81	2138	297	0
920.07	528.59	2139	297	0
917.89	526.11	2140	297	0
915.98	522.81	2141	297	0
914.67	518.83	2142	297	0
912.87	515.45	2143	297	0
910.87	512.71	2144	297	0
909.55	509.45	2145	297	0
907.19	507.02	2146	297	0
905.71	503.79	2147	297	0
905.05	501.62	2148	297	0
902.96	498.7	2149	297	0
900.9	495.38	2150	297	0
898.85	491.68	2151	297	0
897.39	488.16	2152	297	0
895.32	485.56	2153	297	0
893.95	482.86	2154	297	0
891.42	480	2155	297	0
888.35	477.02	2156	297	0
885.96	474.04	2157	297	0
883.96	470.83	2158	297	0
882.73	467.43	2159	297	0
880.6	464.4	2160	297	0
878.27	460.67	2161	297	0
876.89	457.11	2162	297	0
874.81	453.27	2163	297	0
873.6	450.22	2164	297	0
871.57	446.98	2165	297	0
869.4	444.7	2166	297	0
867.1	442.02	2167	297	0
866.1	439.31	2168	297	0
864.31	437.13	2169	297	0
862.37	436.37	2170	297	0
861.35	434.94	2171	297	0
859.69	433.5	2172	297	0
857.88	431.67	2173	297	0
856.9	429.17	2174	297	0
855.5	426.5	2175	297	0
854	424	2176	297	0
852.5	422	2177	297	0
851.67	420	2178	297	0
851.37	417.9	2179	297	0
1183.7	492.17	81	14	0
1186.6	497.44	82	14	0
1191.1	503.39	83	14	0
1195.2	507.83	84	14	0
1199.3	513.93	85	14	1
1198.9	514	86	14	0
1197.3	511.89	87	14	1
1196.5	512.5	88	14	1
1197.8	512.19	89	14	1
1196.3	512.83	90	14	0
1196	514.5	91	14	0
1195.6	515.16	92	14	0
1195.6	516.71	93	14	1
1195.2	518.72	94	14	1
1194.5	519.43	95	14	1
1195	520.92	96	14	0
1194.8	523.08	97	14	0
1193.2	524.91	98	14	0
1189.5	525.87	99	14	0
1183.4	526.57	100	14	0
1178.9	526.51	101	14	0
1176.6	526.32	102	14	0
1173	525.46	103	14	0
1170.9	526.74	104	14	0
1167.8	526.86	105	14	0
1162.5	526.27	106	14	0
1158	526.74	107	14	0
1152.2	528	108	14	0
1146.4	528.38	109	14	0
1142.3	532.7	110	14	0
1137.3	536.7	111	14	0
1134.5	540.74	112	14	0
1134.3	545.65	113	14	0
1135.4	549.37	114	14	1
1139.7	549.68	115	14	1
1141.5	545	116	14	1
1140.4	544.74	117	14	1
1140.1	543.97	118	14	1
1140.6	542.71	119	14	1
1140.3	541.15	120	14	1
1142.8	541.75	121	14	0
1145.4	542.48	122	14	0
1146.9	544.09	123	14	0
1149.1	545.23	124	14	0
1149.9	544.03	125	14	0
660.21	1774.3	276	52	0
660.27	1773.5	277	52	0
659.62	1771.8	278	52	0
659.5	1771	279	52	1
659.72	1770.7	280	52	1
660.61	1771.1	281	52	1
660.12	1771.6	282	52	1
659.5	1774	283	52	1
659.19	1776.3	284	52	1
658.55	1774.8	285	52	0
657.71	1779.6	286	52	0
658	1785.1	287	52	0
658.16	1793.7	288	52	0
657.6	1800.1	289	52	0
657.46	1805.5	290	52	0
657.42	1812.6	291	52	0
657.37	1818.4	292	52	0
657.67	1825.8	293	52	0
659.12	1831.9	294	52	0
661.02	1838.2	295	52	0
664.28	1843.5	296	52	0
668.07	1848.5	297	52	0
671.84	1853.7	298	52	0
675.83	1858.7	299	52	0
679.61	1863.5	300	52	0
684.08	1868.3	301	52	0
688.23	1874.5	302	52	0
691.58	1879.8	303	52	0
694.5	1885.6	304	52	0
696.98	1891.7	305	52	0
700.44	1897.7	306	52	0
703.04	1903.4	307	52	0
706.83	1909.3	308	52	0
710.49	1915.7	309	52	0
714.23	1922.6	310	52	0
716.05	1930.4	311	52	0
718.53	1938.2	312	52	0
720.96	1944.5	313	52	0
722.29	1951.6	314	52	0
724.33	1957.3	315	52	0
726.86	1964.8	316	52	0
730.14	1971.3	317	52	0
734.02	1977.8	318	52	0
737.98	1984.2	319	52	0
742	1991	320	52	0
118.06	1768.2	1085	140	0
118.94	1775.7	1086	140	0
119.51	1783.1	1087	140	0
120.4	1791.1	1088	140	0
120	1798	1089	140	0
119.04	1804.5	1090	140	0
117.44	1811.5	1091	140	0
115.76	1818.6	1092	140	0
113.83	1825.7	1093	140	0
112	1834	1094	140	0
108.81	1842.7	1095	140	0
104.51	1851.1	1096	140	0
100.27	1858.2	1097	140	0
93.372	1865.1	1098	140	0
90.71	1867.9	1099	140	1
91.29	1870.1	1100	140	1
89.844	1870.6	1101	140	1
89.576	1872.3	1102	140	0
88.576	1873	1103	140	0
87.622	1876.7	1104	140	0
86.441	1878.9	1105	140	1
90.605	1872.5	1106	140	0
91	1870.6	1107	140	0
89.171	1869	1108	140	0
88.892	1868.3	1109	140	0
91.156	1868.6	1110	140	0
91.758	1867.7	1111	140	0
92	1864.8	1112	140	1
89.897	1865.5	1113	140	0
88.273	1864.6	1114	140	1
89.162	1864.5	1115	140	0
91.306	1864.7	1116	140	1
93.128	1866.1	1117	140	1
92.795	1865.3	1118	140	0
92.057	1863.7	1119	140	1
95.073	1862.4	1120	140	0
97.405	1861	1121	140	1
97.5	1860.9	1122	140	0
99.279	1861	1123	140	0
98.317	1861.8	1124	140	0
80.5	810.79	282	53	0
88.414	808.93	283	53	0
93.071	805.5	284	53	0
97.957	801.96	285	53	0
101.97	798.76	286	53	0
106.67	794.85	287	53	0
109.94	790.56	288	53	0
114.38	785.76	289	53	0
117.44	781.6	290	53	0
121.57	778.67	291	53	0
125.6	775.33	292	53	1
123.97	778.69	293	53	0
118.38	784.92	294	53	0
114.39	790.8	295	53	0
109.39	796.39	296	53	0
104.6	801.4	297	53	0
100.78	807.16	298	53	0
96.606	812.97	299	53	0
90.75	816.9	300	53	0
85.03	819.21	301	53	0
78.795	823.26	302	53	0
72.455	825.52	303	53	0
65.939	827.52	304	53	0
58.441	829.44	305	53	0
50.812	830.91	306	53	0
43.895	831.5	307	53	0
38.344	832.28	308	53	0
32	834	309	53	0
25.433	834.87	310	53	0
20.31	836.34	311	53	0
15.567	838.13	312	53	0
9.5	839.89	313	53	0
3.5938	841.16	314	53	1
1.375	843	315	53	1
1.5455	841.45	316	53	1
3.0938	839.66	317	53	0
5.5	836.5	318	53	0
8.5	833.5	319	53	0
2031.9	1977.1	471	74	0
2031.9	1982.7	472	74	0
2031.4	1988.4	473	74	0
2030.6	1994.3	474	74	1
2030.8	1994.9	475	74	1
2031.3	1989.4	476	74	0
2031.3	1984	477	74	0
2031.6	1978.5	478	74	0
2031.3	1973.8	479	74	0
2030.4	1971.7	480	74	0
2030.7	1970.3	481	74	0
2030.8	1968.4	482	74	0
2031.4	1966	483	74	0
2030.9	1963.7	484	74	0
2030.5	1961.5	485	74	0
2029.5	1959.8	486	74	0
2028.7	1958.2	487	74	0
2027.5	1956.6	488	74	0
2027.2	1955.3	489	74	0
2026.5	1953.6	490	74	0
2025.3	1951.6	491	74	0
2024	1950	492	74	0
2022.8	1947.8	493	74	0
2022.4	1946.2	494	74	0
2021.9	1944.8	495	74	0
2020.4	1942.8	496	74	0
2019.3	1941.3	497	74	0
2017.5	1939.3	498	74	0
2016.1	1937.1	499	74	0
2014.6	1936	500	74	0
2014	1933.7	501	74	0
2013.2	1931.2	502	74	0
2013	1929.6	503	74	1
2014.2	1933.3	504	74	0
2016.4	1939.5	505	74	0
2019.5	1944.6	506	74	0
2021.3	1951.1	507	74	0
2023.2	1956.5	508	74	0
1688.5	1389.5	405	67	0
1691.2	1389.2	406	67	0
1693.4	1388.8	407	67	0
1695.7	1387.6	408	67	0
1699.1	1387.8	409	67	0
1701.6	1387.6	410	67	0
1703.9	1385.1	411	67	0
1704	1381.2	412	67	0
1705.2	1377.7	413	67	0
1705.6	1374.8	414	67	0
1706	1371.5	415	67	0
1706.6	1368	416	67	0
1707.7	1365.3	417	67	1
1708	1366.9	418	67	0
1708	1368.1	419	67	1
1706.5	1369	420	67	0
1702.9	1369.4	421	67	0
1699.5	1371.5	422	67	0
1696	1373	423	67	0
1693.5	1374.5	424	67	0
1691	1377	425	67	0
1689.3	1380.2	426	67	0
1687.5	1382.5	427	67	0
1684.5	1385.5	428	67	0
1682.2	1387.8	429	67	0
1679.4	1392	430	67	0
1677	1395	431	67	0
1673	1396.1	432	67	0
1670.1	1397.2	433	67	1
1674.7	1395.6	434	67	0
1681.5	1393.1	435	67	0
1687.5	1391.6	436	67	0
1693	1390.6	437	67	0
1698.4	1389.2	438	67	0
1705.1	1388.4	439	67	0
837.81	2014.5	500	75	0
837.74	2017	501	75	0
837.97	2019.7	502	75	1
837.51	2020.1	503	75	1
837.74	2021.2	504	75	1
840.79	2020.3	505	75	1
842.84	2018.1	506	75	1
844.1	2017	507	75	1
844.38	2015.6	508	75	1
846.48	2014.9	509	75	0
849.42	2014.9	510	75	0
855.96	2014.4	511	75	0
862.78	2013	512	75	0
869.46	2011.5	513	75	0
876.51	2010.7	514	75	0
883.32	2008.9	515	75	0
890.14	2007.3	516	75	0
897.66	2006.4	517	75	0
903.44	2006.3	518	75	1
899.55	2006.9	519	75	0
893.5	2007	520	75	0
888.51	2006.4	521	75	0
885.61	2002.6	522	75	0
884.82	2001.3	523	75	0
884.19	1999.7	524	75	0
882.81	1998.4	525	75	0
882.23	1996.6	526	75	0
881.5	1995.2	527	75	0
881.31	1993.6	528	75	0
880.25	1992	529	75	0
879.5	1991.2	530	75	0
880.19	1992.7	531	75	0
1881.4	380.64	682	97	0
1881	374.8	683	97	0
1880.4	368.29	684	97	0
1879.7	362.21	685	97	0
1879.4	356.07	686	97	0
1879.5	350.6	687	97	0
1880.8	345.37	688	97	0
1880.5	339	689	97	0
1880.8	334	690	97	1
1881	337	691	97	0
1882.5	344.27	692	97	0
1882.7	351.55	693	97	0
1883	358	694	97	0
1884.4	364.34	695	97	0
1885.2	370.95	696	97	0
1886.5	377.5	697	97	0
1887.5	383.02	698	97	0
1888.6	389.66	699	97	0
1889	396.49	700	97	0
1889.1	403.77	701	97	0
1889.3	410.11	702	97	0
1890	417.66	703	97	0
1890.5	419.61	704	97	1
1889.8	413.12	705	97	0
1889.3	406.94	706	97	0
1889.8	400.92	707	97	0
1889.5	395.12	708	97	0
1889.4	389.8	709	97	0
1889.7	385.27	710	97	0
1889.6	379.21	711	97	0
1889.7	374.18	712	97	0
1889.8	368.34	713	97	0
544.06	106.25	2116	296	0
544.67	105.81	2117	296	0
542.37	106.37	2118	296	0
540.31	103.8	2119	296	0
538.8	101.13	2120	296	0
537.9	99.172	2121	296	0
537	97	2122	296	0
536	95	2123	296	0
535	92	2124	296	0
534	89	2125	296	0
532.59	87	2126	296	0
531.12	85.333	2127	296	0
529.5	84.5	2128	296	0
528.5	82	2129	296	0
527.39	79.742	2130	296	0
526.38	77.844	2131	296	0
526.5	76	2132	296	0
526.39	74.139	2133	296	0
526.24	71.289	2134	296	0
526.5	69.167	2135	296	0
526.49	67.659	2136	296	0
525.87	65.872	2137	296	0
524.02	64.186	2138	296	0
522.74	61.814	2139	296	0
522.87	59.933	2140	296	0
522.15	58.587	2141	296	0
521.16	58	2142	296	0
1677.4	356.48	1097	141	0
1674.9	360.57	1098	141	0
1672.4	363.29	1099	141	0
1670.2	368.28	1100	141	0
1670	372.14	1101	141	1
1670.2	370.22	1102	141	0
1671.9	366.75	1103	141	0
1672.3	363.32	1104	141	0
1673.1	360.64	1105	141	0
1674.4	359.16	1106	141	0
1675	357.5	1107	141	0
1677	355	1108	141	0
1678.7	352.35	1109	141	0
1680.5	350.5	1110	141	0
1682.3	348.65	1111	141	0
1683	346	1112	141	0
1684	344.24	1113	141	0
1683.7	342.4	1114	141	0
1683.6	339.93	1115	141	0
1683.8	337.9	1116	141	0
1683.8	335.3	1117	141	0
1683.4	332.24	1118	141	0
1684.1	331.13	1119	141	0
1685.2	330.08	1120	141	0
1685.9	328.94	1121	141	0
1686.5	331.54	1122	141	0
1135.3	185.04	1835	256	0
1140.4	188.77	1836	256	0
1144.9	192.39	1837	256	0
1149.5	195.87	1838	256	0
1153.9	200.16	1839	256	0
1157.1	204.51	1840	256	0
1158.9	208.27	1841	256	0
1159.8	211.92	1842	256	0
1159.9	216.72	1843	256	0
1158.9	221.53	1844	256	0
1157.6	226.05	1845	256	0
1156.4	231.16	1846	256	1
1155.5	230.5	1847	256	1
1155.5	226.8	1848	256	1
1156.7	223.24	1849	256	0
1157.5	221	1850	256	0
1157.7	218.5	1851	256	0
1157.9	215.63	1852	256	0
1158.3	213.53	1853	256	0
1158.7	211	1854	256	0
1159	210	1855	256	0
1158.2	209.4	1856	256	0
1157.5	209	1857	256	0
1157	208.08	1858	256	0
732.21	161.86	2266	314	0
734.37	161.63	2267	314	0
735.09	163.88	2268	314	0
735.68	166.04	2269	314	0
736.71	168.13	2270	314	0
738.1	168.81	2271	314	0
739.29	170.13	2272	314	0
740.35	170.65	2273	314	0
741.27	171.58	2274	314	0
742.61	172.72	2275	314	0
743.74	174.26	2276	314	0
744.65	175.47	2277	314	0
744.9	178.2	2278	314	0
744	180.65	2279	314	0
743.84	183.26	2280	314	0
743.83	184.94	2281	314	0
741.77	186.23	2282	314	0
741	187.65	2283	314	0
742	190.5	2284	314	0
740	191.5	2285	314	0
741	194.14	2286	314	0
741.32	196.92	2287	314	0
742.61	200	2288	314	0
1716.8	842.26	1985	277	0
1717.4	845.24	1986	277	0
1718.4	849.14	1987	277	0
1719.8	852.28	1988	277	0
1720.4	854.64	1989	277	0
1720.3	857.36	1990	277	0
1719.9	860.23	1991	277	0
1720	863.42	1992	277	0
1720.1	867.32	1993	277	0
1720.4	870.83	1994	277	0
1721.2	874.62	1995	277	0
1721.7	878.6	1996	277	0
1722.3	882.89	1997	277	0
1722.5	885.89	1998	277	0
1722.2	889.97	1999	277	0
1722.3	897.4	2000	277	0
1722.1	904.7	2001	277	0
1722.5	911.91	2002	277	0
1722.1	918.85	2003	277	0
1722.4	923.45	2004	277	0
1723.1	928.78	2005	277	0
1755.6	1032.2	1618	228	0
1756.5	1032.2	1619	228	0
1755.6	1032.4	1620	228	0
1755.2	1032.7	1621	228	0
1754.3	1032.9	1622	228	1
1752.5	1032	1623	228	1
1752	1031	1624	228	0
1751.8	1030.3	1625	228	1
1749.8	1028.9	1626	228	1
1748.1	1028.5	1627	228	0
1743	1025.4	1628	228	0
1735.8	1022.2	1629	228	0
1729	1017.1	1630	228	0
1722.4	1012.1	1631	228	0
1715.5	1008.5	1632	228	0
1709.7	1003.8	1633	228	0
1703.4	998.69	1634	228	0
1698	994.17	1635	228	0
1691.6	989.87	1636	228	0
1685	984.86	1637	228	0
1269.7	221.81	599	84	0
1268.1	219.48	600	84	0
1267.6	217.21	601	84	1
1267.4	218.52	602	84	0
1268.5	219.9	603	84	0
1270.4	220.16	604	84	0
1271.6	218.77	605	84	0
1272.2	219.52	606	84	0
1270.7	220.44	607	84	0
1271	223	608	84	0
1270.4	225	609	84	0
1269	227	610	84	0
1267	228.59	611	84	0
1265.7	230.31	612	84	0
1264.4	232.34	613	84	0
1263.2	229.21	614	84	0
1262.3	229.86	615	84	0
1261.1	230.71	616	84	0
1902.6	618.03	1597	220	0
1896	616	1598	220	0
1899.3	617.45	1599	220	0
1905	621	1600	220	0
1910.5	623.5	1601	220	0
1917	627.09	1602	220	0
1921.6	630.44	1603	220	0
1928.3	633.37	1604	220	0
1935.2	635.59	1605	220	0
1942.3	635.89	1606	220	0
1949	636.59	1607	220	0
1955	636.37	1608	220	0
1962.8	635.89	1609	220	0
1968.2	635.17	1610	220	1
1969.2	634.54	1611	220	0
1964	632.78	1612	220	0
1957.2	632.28	1613	220	0
1291.6	262.71	522	76	0
1290.4	262.38	523	76	0
1289.1	266.56	524	76	0
1286.8	266.64	525	76	0
1283.5	266	526	76	0
1282	267	527	76	0
1281.3	271.78	528	76	0
1278.7	275.73	529	76	0
1273.8	279.34	530	76	0
1270.2	283.79	531	76	0
1266.8	288.97	532	76	0
1263.9	293.08	533	76	0
1259.3	293	534	76	0
1254.1	295.5	535	76	0
1251.2	297.31	536	76	0
1103	1116	11	1	0
1099.8	1122.7	12	1	0
1095.2	1128.3	13	1	0
1091.1	1134	14	1	0
1087.5	1138	15	1	1
1090	1137.5	16	1	0
1096.8	1136.6	17	1	1
1098.5	1134.4	18	1	1
1094	1131.4	19	1	0
1088.7	1130.6	20	1	0
1087.8	1128.8	21	1	0
1085.7	1128.5	22	1	0
1083.2	1131	23	1	0
1079	1135.9	24	1	0
57.5	727.86	139	28	0
59.871	726.71	140	28	0
62.667	725.12	141	28	0
65	723.5	142	28	0
66	722	143	28	0
66.742	720.35	144	28	0
68.39	718.88	145	28	0
71.158	716.71	146	28	1
71.907	716.95	147	28	1
71.675	720.8	148	28	0
70.107	724.29	149	28	0
70	726.5	150	28	0
69.875	728.67	151	28	0
69.71	731.87	152	28	0
1319.1	1314.7	726	104	0
1317	1320.1	727	104	0
1319.3	1323.9	728	104	1
1324.3	1322.9	729	104	0
1328.2	1317.3	730	104	0
1326.6	1311.7	731	104	0
1320.9	1310.3	732	104	1
1321	1312.1	733	104	1
1322.1	1312.1	734	104	1
1320.6	1313.4	735	104	0
1321.2	1314.9	736	104	1
1319.5	1313.5	737	104	0
1317.1	1312.1	738	104	0
1315.4	1310.9	739	104	0
1273.3	970.39	1081	139	0
1280.3	964.97	1082	139	0
1285.4	961.18	1083	139	1
1285.2	962.08	1084	139	0
1282.2	965.36	1085	139	1
1283.8	966.75	1086	139	0
1284	968	1087	139	0
1285.2	969.5	1088	139	0
1285.2	971.83	1089	139	0
1285.1	972.87	1090	139	0
1286.7	973	1091	139	0
1286.7	974.02	1092	139	0
1287.2	973.88	1093	139	0
1286.3	972.41	1094	139	0
291.18	759.21	711	99	0
290.13	760.87	712	99	0
287.87	762.13	713	99	0
285.5	763.05	714	99	0
283.32	763	715	99	1
281.89	762.21	716	99	1
283.25	762.67	717	99	1
285.98	762.29	718	99	0
288.25	761.52	719	99	0
290.53	760.26	720	99	0
292.64	759.75	721	99	0
295.54	759.57	722	99	0
144.93	1904.5	1225	156	0
146.2	1904.1	1226	156	0
145.75	1902.9	1227	156	1
146.44	1904.1	1228	156	1
146.68	1905	1229	156	1
141.2	1900.3	1230	156	0
136.87	1896.3	1231	156	0
133.39	1891.8	1232	156	0
131.37	1886	1233	156	0
129.5	1880	1234	156	0
126.5	1876.5	1235	156	0
127.81	1880	1236	156	0
1105.8	789.89	1110	143	0
1104.2	791.3	1111	143	0
1103.1	793.42	1112	143	0
1101.8	795.77	1113	143	0
1100.3	798.03	1114	143	0
1099.1	800.46	1115	143	0
1097.2	802.97	1116	143	0
1096.3	805	1117	143	0
1095.9	806.33	1118	143	0
1094.3	808.34	1119	143	0
1093.2	809.5	1120	143	0
1092.9	810.97	1121	143	0
