This file was generated by export.m on 31-May-2016 14:51:11
while on branch 'marius' at commit 5493fd1d0.

inpath: C:\Data\Marius\2015\150423\frame20x_Ph_chipII_chan2-1.5h.BTF
dimensions: 1um = 3.099px (20.0x) and 1sec = 20.0frames.
trackParams:
    maxdisp: 11
        mem: 0
        dim: 2
       good: 10
      quiet: 1

filterPreTrack:
    Area: [24.9699 149.8193]

filterPostTrack:
          length: [30 400]
    displacement: [30.9900 Inf]

filterPostTrackQuantile:
    mediancurvature: [0 0.9500]


======================================================================
x	y	time	index	isturn
1415.8	1456.1	1941	1210	0
1416.8	1451.7	1942	1210	0
1417	1447.9	1943	1210	0
1417.8	1443.4	1944	1210	0
1418.6	1439.9	1945	1210	0
1419.6	1436.5	1946	1210	0
1419.8	1433.2	1947	1210	0
1419.6	1429	1948	1210	0
1419	1425	1949	1210	0
1418.8	1421.8	1950	1210	0
1418.1	1419.5	1951	1210	1
1420.6	1422	1952	1210	0
1424.7	1426.7	1953	1210	0
1429	1429.5	1954	1210	1
1427.8	1428.4	1955	1210	0
1424.6	1425	1956	1210	0
1421.5	1423	1957	1210	0
1418.6	1420.6	1958	1210	0
1415.8	1417.8	1959	1210	0
1413.1	1415	1960	1210	0
1410.8	1411.8	1961	1210	0
1408.6	1408.6	1962	1210	0
1406.3	1406.2	1963	1210	0
1403.6	1403.6	1964	1210	0
1402	1400.5	1965	1210	0
1399.5	1397.3	1966	1210	0
1397.1	1395	1967	1210	0
1394.5	1392.4	1968	1210	0
1392.3	1390.3	1969	1210	0
1390.8	1386.8	1970	1210	0
1389.3	1383.5	1971	1210	0
1387.3	1381.3	1972	1210	0
1384.5	1379.1	1973	1210	0
1382	1377.1	1974	1210	1
1385.5	1379.5	1975	1210	0
1389.5	1381.5	1976	1210	0
1390.3	1382.8	1977	1210	0
1392.8	1383.8	1978	1210	0
1396.6	1385.6	1979	1210	0
1398.8	1386.3	1980	1210	0
1402.1	1388	1981	1210	0
1407.2	1390.8	1982	1210	0
1411.2	1393.8	1983	1210	0
1415.3	1396.3	1984	1210	0
1419.7	1399.7	1985	1210	0
1424	1403	1986	1210	0
1427.5	1406.5	1987	1210	0
1431	1409	1988	1210	0
1431.8	1410.8	1989	1210	0
1433.5	1412.5	1990	1210	0
1433.8	1413.8	1991	1210	0
1434.8	1415.1	1992	1210	0
1435.4	1417.4	1993	1210	0
1437.6	1421.5	1994	1210	0
1438.6	1425.9	1995	1210	0
1441.3	1430.3	1996	1210	0
1443.1	1433.9	1997	1210	0
1445.6	1437.6	1998	1210	0
1447.7	1441.1	1999	1210	0
1450.1	1443.9	2000	1210	0
1451.1	1445.7	2001	1210	0
1452.5	1446.7	2002	1210	0
1453.7	1449.1	2003	1210	0
1454.9	1451.2	2004	1210	0
1456.3	1454.3	2005	1210	1
1459	1456	2006	1210	1
1459.8	1458.1	2007	1210	1
1458.8	1457.7	2008	1210	1
1455.8	1454.1	2009	1210	0
1452.8	1450.8	2010	1210	0
1449.6	1447.6	2011	1210	0
1447	1443	2012	1210	0
1444.8	1437.8	2013	1210	0
1443.3	1434.7	2014	1210	0
1442.3	1431.3	2015	1210	0
1440.7	1427.8	2016	1210	0
1438.5	1424.7	2017	1210	0
1435.6	1421.6	2018	1210	0
1433	1419	2019	1210	0
1430.5	1416.7	2020	1210	0
1427.8	1414.3	2021	1210	0
1425.3	1413.1	2022	1210	0
1422.5	1411.6	2023	1210	0
1419.7	1410.9	2024	1210	0
1416.7	1408.8	2025	1210	0
1413.1	1407	2026	1210	0
1409.6	1405.6	2027	1210	0
1407.3	1404.1	2028	1210	0
1404.3	1403.3	2029	1210	0
1401.5	1402	2030	1210	0
1397.8	1401.8	2031	1210	0
1395.1	1400.7	2032	1210	0
1391.8	1399.8	2033	1210	0
1388.8	1399.4	2034	1210	0
1386.2	1398.9	2035	1210	0
1383.7	1397.4	2036	1210	0
1380.3	1396.8	2037	1210	0
1379	1395.6	2038	1210	0
1377.1	1394.5	2039	1210	0
1373.2	1393.8	2040	1210	0
1371.3	1392.8	2041	1210	0
1368.4	1392.2	2042	1210	0
1365.8	1391.8	2043	1210	0
1362.2	1392.3	2044	1210	1
1365.8	1394.4	2045	1210	0
1371.7	1396.3	2046	1210	0
1376.2	1399.4	2047	1210	0
1381	1401.6	2048	1210	0
1385.5	1403.4	2049	1210	0
1389.6	1405.7	2050	1210	0
1393.1	1408	2051	1210	0
1397.8	1410.8	2052	1210	0
1402	1414	2053	1210	0
1406.5	1416.4	2054	1210	0
1410.7	1417.8	2055	1210	0
1416.8	1418.4	2056	1210	0
1421.8	1419.8	2057	1210	0
1428	1421.2	2058	1210	0
1434.4	1421.7	2059	1210	0
1440.1	1421.7	2060	1210	0
1445.5	1422.2	2061	1210	0
1451.2	1422.8	2062	1210	0
1456.3	1423.8	2063	1210	0
1462.3	1425.8	2064	1210	0
1467.5	1428.1	2065	1210	0
1472.5	1430.6	2066	1210	0
1476	1433.5	2067	1210	0
1478.8	1436.2	2068	1210	0
1484	1440	2069	1210	0
1488.5	1444.1	2070	1210	0
1491.6	1448	2071	1210	0
1495.3	1451.8	2072	1210	0
1498.6	1455.6	2073	1210	0
1502.1	1458.1	2074	1210	0
1506	1461.1	2075	1210	0
1507.6	1463.5	2076	1210	1
1506.1	1460.9	2077	1210	0
1504.9	1457.3	2078	1210	0
1504.2	1454.2	2079	1210	0
1503.8	1449.7	2080	1210	0
1504	1444.5	2081	1210	0
1504.5	1439.3	2082	1210	0
1504.7	1434.6	2083	1210	0
1504.7	1429.5	2084	1210	0
1504.7	1423.7	2085	1210	0
1506.6	1418.5	2086	1210	0
1507.6	1413.7	2087	1210	0
1509.6	1409.1	2088	1210	0
1510	1405.5	2089	1210	0
1231.4	1373.7	512	379	0
1232.5	1378.5	513	379	0
1232.5	1382.5	514	379	0
1234.1	1387.3	515	379	0
1235.8	1392.3	516	379	0
1238	1395.5	517	379	0
1241.4	1398.6	518	379	0
1244.2	1400.8	519	379	0
1245.6	1404.5	520	379	0
1248.6	1408	521	379	0
1250.4	1411.8	522	379	0
1251.4	1413.5	523	379	1
1250.1	1410.6	524	379	0
1247.6	1408	525	379	0
1245.6	1405	526	379	0
1243.6	1402	527	379	0
1240.8	1399.4	528	379	0
1238.2	1396.5	529	379	0
1236.4	1394.4	530	379	0
1233.4	1391.8	531	379	0
1229.8	1389.3	532	379	0
1226.8	1386.4	533	379	0
1224.8	1383.3	534	379	0
1223.3	1380.7	535	379	0
1220.8	1377.3	536	379	0
1218.5	1374.7	537	379	0
1217.5	1371.5	538	379	0
1216.2	1368.8	539	379	0
1214.8	1365.3	540	379	0
1213.5	1361	541	379	0
1214	1358	542	379	0
1213.8	1355.3	543	379	0
1212.7	1353.3	544	379	0
1212.5	1352	545	379	0
1211.2	1349.8	546	379	0
1210.5	1347	547	379	0
1209.1	1344.5	548	379	0
1208.4	1342	549	379	0
1207.4	1339.7	550	379	0
1206.5	1337.5	551	379	0
1206.7	1335.5	552	379	0
1206.2	1332.8	553	379	0
1205.5	1329.5	554	379	0
1205	1326.5	555	379	0
1205	1324	556	379	0
1204.5	1322.5	557	379	0
1204.5	1320.3	558	379	0
1204.7	1317.5	559	379	0
1204.2	1314.7	560	379	0
1203.2	1311.7	561	379	0
1203	1309	562	379	0
1203	1306.9	563	379	0
1202	1303.5	564	379	0
1201.3	1300.5	565	379	0
1201	1298.1	566	379	0
1199.8	1294.7	567	379	0
1198.3	1291.5	568	379	0
1198.5	1287.7	569	379	0
1198	1285	570	379	0
1196.1	1281.3	571	379	0
1195.6	1278.8	572	379	0
1196.2	1275.6	573	379	0
1196	1272.9	574	379	0
1195.9	1269.8	575	379	0
1195.3	1266.7	576	379	0
1196.2	1263.7	577	379	0
1196	1260	578	379	0
1195	1255.9	579	379	0
1194.9	1253.3	580	379	0
1195	1250.3	581	379	0
1194.3	1246.7	582	379	0
1194.3	1244.7	583	379	1
1193.8	1248.1	584	379	0
1192.8	1253.2	585	379	0
1191.5	1257.5	586	379	0
1190	1261.5	587	379	0
1189.6	1265.2	588	379	0
1188.2	1270.4	589	379	0
1187.6	1273.8	590	379	0
1187	1277.5	591	379	0
1187	1282.5	592	379	0
1187.7	1285.7	593	379	0
1187.8	1288.2	594	379	1
1187.3	1289.3	595	379	1
1186	1289	596	379	1
1188	1285	597	379	0
1188.5	1282	598	379	0
1189.5	1279.5	599	379	0
1190.2	1276.4	600	379	0
1191.4	1273.7	601	379	0
1192.5	1271.5	602	379	0
1193.6	1270	603	379	0
1195.4	1267.8	604	379	0
1197.5	1265	605	379	0
1199	1263	606	379	0
1200.4	1260	607	379	0
1202.2	1257.2	608	379	0
1204	1255.6	609	379	0
1206	1253	610	379	0
1208	1251	611	379	0
1209.8	1248.2	612	379	0
1211	1246	613	379	0
1212.2	1244.2	614	379	0
1214.2	1241.3	615	379	0
1217	1239.6	616	379	0
1220	1238	617	379	0
1222	1237	618	379	0
1224.8	1235.8	619	379	0
1226.8	1233.8	620	379	0
1228.3	1230.9	621	379	0
1229.7	1228	622	379	0
1230.9	1225.5	623	379	0
1232.7	1223.1	624	379	0
1233.7	1221.1	625	379	0
1235	1219	626	379	0
1237.7	1217.1	627	379	0
1239.7	1216.1	628	379	0
1241.7	1215.2	629	379	0
1243.7	1213.1	630	379	0
1245.3	1211	631	379	1
1243.3	1212.2	632	379	0
1239.9	1214	633	379	0
1237	1216	634	379	0
1234.3	1218.2	635	379	0
1231.3	1219.6	636	379	0
1228.1	1222.8	637	379	0
1226	1225	638	379	0
1222.6	1228	639	379	0
1221	1230.4	640	379	0
1219.8	1231.8	641	379	1
1218.8	1231.6	642	379	1
1218.2	1231.8	643	379	1
1218.3	1230.3	644	379	0
1219.2	1228.2	645	379	0
1221	1225.6	646	379	0
1222	1223	647	379	0
1224.6	1220.8	648	379	0
1226.2	1218.2	649	379	0
1228.2	1215.2	650	379	0
1230.2	1211.6	651	379	0
1233	1209.4	652	379	0
1236	1207	653	379	0
1239	1204.5	654	379	0
1242	1202	655	379	0
364	390	548	380	0
364.5	389	549	380	0
364.84	386.84	550	380	0
364	385	551	380	0
363.73	383.5	552	380	1
364.5	382	553	380	1
366.33	381.88	554	380	1
366.5	382	555	380	1
367	382.22	556	380	0
368.8	382.88	557	380	0
370.5	383.21	558	380	0
371.5	383.21	559	380	0
372.63	383	560	380	0
373.38	382.69	561	380	0
373.69	383.62	562	380	0
374.21	384.5	563	380	0
374.48	385.11	564	380	1
374.5	385.21	565	380	0
374.13	385.78	566	380	0
373.76	386.68	567	380	1
374.48	388.39	568	380	0
375	389	569	380	0
374.12	389.67	570	380	1
374.5	390.79	571	380	1
374.5	391.79	572	380	1
374.21	391.5	573	380	1
376.81	387.81	574	380	0
378.52	384.89	575	380	1
379.19	384.45	576	380	0
381.22	381.96	577	380	0
383.81	377.81	578	380	0
387.5	374.5	579	380	0
390.07	372.21	580	380	0
393.67	367.12	581	380	0
395.79	362	582	380	0
397.57	356.57	583	380	0
401.16	351.16	584	380	0
404	346.86	585	380	0
407.5	342	586	380	0
411	338	587	380	0
415.79	333.36	588	380	0
419.3	330.3	589	380	0
423.5	327.5	590	380	0
428	324.5	591	380	0
432	321	592	380	0
435	317	593	380	0
437.5	313	594	380	1
438.3	312.3	595	380	1
436	315.5	596	380	1
432	318	597	380	0
429.3	321.3	598	380	0
425.72	324.83	599	380	0
423	328	600	380	0
419.16	332.16	601	380	0
416.68	336.24	602	380	0
413.15	340.3	603	380	0
408.64	343.24	604	380	0
404.35	346.65	605	380	0
400.5	349.5	606	380	0
397.65	352.35	607	380	0
393.68	355.44	608	380	0
390.81	358.81	609	380	0
387.5	363.5	610	380	0
385.65	367.35	611	380	0
383.87	371.22	612	380	0
382.44	375.68	613	380	0
382.39	380.07	614	380	0
380.24	384.68	615	380	0
378.72	388.66	616	380	0
378	392.5	617	380	0
378.12	396.67	618	380	0
377.67	401.12	619	380	1
378	398.86	620	380	0
378.88	394.33	621	380	0
380.41	389.48	622	380	0
382.59	384.52	623	380	0
385.12	379.67	624	380	0
387.16	376.16	625	380	0
388.48	373.13	626	380	1
387.12	374.67	627	380	0
386	377	628	380	0
385.27	379.5	629	380	0
385.73	381.5	630	380	0
385.12	384.67	631	380	0
385.27	387.5	632	380	0
386.12	391.33	633	380	0
387.52	394.13	634	380	0
388.88	396.67	635	380	0
389.61	399.48	636	380	0
390.64	401.76	637	380	0
392.12	404.33	638	380	0
393.39	406.52	639	380	0
394.12	409.33	640	380	0
395.24	411.36	641	380	0
397	414.5	642	380	0
398	416	643	380	0
399	418	644	380	0
400.15	420.7	645	380	0
401.5	423.5	646	380	0
401.5	425.5	647	380	0
402.65	427.53	648	380	0
1379.5	704.5	2157	1283	0
1381	706	2158	1283	0
1384	707	2159	1283	0
1386.7	706.35	2160	1283	0
1388.5	706	2161	1283	0
1390.7	705.35	2162	1283	0
1392.2	704.88	2163	1283	0
1393.5	704	2164	1283	0
1394.4	702.76	2165	1283	0
1395.7	701.35	2166	1283	0
1397.3	700.28	2167	1283	0
1398.8	699.36	2168	1283	0
1400.2	698.64	2169	1283	0
1401.1	697.48	2170	1283	0
1402.3	695.65	2171	1283	0
1404.2	694.67	2172	1283	0
1405.5	694	2173	1283	0
1406.8	692.25	2174	1283	0
1408	690.68	2175	1283	0
1408	689.32	2176	1283	0
1408.7	687.35	2177	1283	0
1408.2	685.5	2178	1283	0
1409.2	683.68	2179	1283	1
1409.5	683.5	2180	1283	0
1411.2	682.64	2181	1283	0
1413.2	681	2182	1283	0
1414.5	680.5	2183	1283	0
1415.3	679.88	2184	1283	0
1416.7	678.35	2185	1283	0
1417.5	677.5	2186	1283	0
1418.2	676.64	2187	1283	0
1419	676	2188	1283	0
1420.3	674.65	2189	1283	0
1421.3	673.88	2190	1283	0
1422.3	673.88	2191	1283	0
1424.2	672.75	2192	1283	1
1425.1	672.67	2193	1283	1
1425.7	672.35	2194	1283	1
1426	671.14	2195	1283	1
1417.5	670	2196	1283	0
1412	668	2197	1283	0
1407	667.5	2198	1283	0
1404.5	667	2199	1283	1
1406.7	668.05	2200	1283	0
1409.9	668.71	2201	1283	0
1413.5	670.5	2202	1283	0
1417.5	671.73	2203	1283	0
1422.5	672.73	2204	1283	0
1427.1	674.52	2205	1283	0
1431.3	675.35	2206	1283	0
1434.3	676.88	2207	1283	0
1437.7	677.65	2208	1283	0
1440.5	679.73	2209	1283	0
1444.1	681	2210	1283	0
1446.5	682.21	2211	1283	1
1443.2	681.7	2212	1283	0
1437.5	679	2213	1283	0
1432.6	676.52	2214	1283	0
1430	675	2215	1283	0
1427.8	673.64	2216	1283	0
1425.3	671.88	2217	1283	0
1423.3	670.35	2218	1283	0
1419.9	668.88	2219	1283	0
1417.1	667.52	2220	1283	0
1413.5	665	2221	1283	0
1409.2	661.84	2222	1283	0
1406.2	658.84	2223	1283	0
1401.5	656	2224	1283	0
1397.7	653.32	2225	1283	1
1398.1	653.22	2226	1283	1
1401.3	655.12	2227	1283	0
1404.7	657.88	2228	1283	0
1407.8	659.87	2229	1283	0
1410.5	663	2230	1283	0
1412.8	666.16	2231	1283	0
1415.8	669.3	2232	1283	0
1418	671.38	2233	1283	0
1420.2	674.25	2234	1283	0
1421.8	676.75	2235	1283	0
1424.2	678.84	2236	1283	0
1426.2	679.84	2237	1283	0
1428.5	680.62	2238	1283	0
1431	681.5	2239	1283	0
1429.8	680.28	2240	1283	0
1169.8	1253.6	214	191	0
1171.8	1251.8	215	191	0
1174	1250	216	191	0
1176	1248.5	217	191	0
1179.2	1246.2	218	191	0
1181.2	1244.2	219	191	0
1182.7	1242.8	220	191	0
1185.2	1240.9	221	191	0
1187.6	1238.6	222	191	0
1190.2	1235.8	223	191	0
1191.4	1233	224	191	0
1194	1231	225	191	0
1196.8	1229.1	226	191	0
1200.3	1226.3	227	191	0
1201	1225.1	228	191	1
1197.5	1228	229	191	0
1194	1231.5	230	191	0
1191.1	1236.5	231	191	0
1188.4	1241	232	191	0
1185.5	1243	233	191	0
1183.2	1245.2	234	191	0
1181.8	1247.7	235	191	1
1180.8	1248.8	236	191	1
1180.2	1249.2	237	191	1
1179.8	1249.8	238	191	0
1178.2	1252.2	239	191	0
1176	1254.9	240	191	0
1174	1257	241	191	0
1172.2	1259.2	242	191	0
1169.6	1262	243	191	0
1168	1264.5	244	191	0
1166.8	1267.3	245	191	0
1164.8	1269.8	246	191	0
1160.8	1274.3	247	191	0
1157.6	1278	248	191	0
1154.5	1281.9	249	191	0
1151.7	1286.7	250	191	0
1149.1	1291.5	251	191	0
1146.1	1296.5	252	191	0
1144.1	1302.2	253	191	0
1142.5	1307.5	254	191	0
1142	1311	255	191	1
1142.5	1310	256	191	0
1144.5	1305.5	257	191	0
1145	1302.1	258	191	0
1145.6	1299	259	191	0
1146.5	1295.5	260	191	0
1146.6	1290.7	261	191	0
1147.2	1287.7	262	191	0
1146.6	1284	263	191	0
1146.5	1281	264	191	0
1146.6	1278.3	265	191	0
1145.5	1275	266	191	0
1144.5	1272	267	191	0
1143.2	1267.8	268	191	0
1142.5	1265	269	191	0
1141.3	1261.8	270	191	0
1139.7	1258.3	271	191	0
1138.5	1255.5	272	191	0
1137.6	1252.3	273	191	0
1137.5	1249	274	191	0
1137.8	1245.7	275	191	0
1138	1242.5	276	191	0
1138.2	1239.7	277	191	0
1138.5	1236	278	191	0
1138.5	1233	279	191	1
1138.5	1232	280	191	1
1138.5	1234.5	281	191	0
1139.2	1238.7	282	191	0
1139.5	1243.5	283	191	0
1140	1248.5	284	191	0
1140.5	1253.5	285	191	0
1141	1257.5	286	191	0
1141.2	1262.3	287	191	0
1141.5	1267.5	288	191	0
1142	1272.8	289	191	0
1142.5	1278.5	290	191	0
1143.5	1282.5	291	191	0
1140.5	1451.5	1663	991	0
1143.5	1451.3	1664	991	0
1146.5	1451.3	1665	991	0
1150.7	1451.9	1666	991	0
1154.3	1451.9	1667	991	0
1157.2	1451.9	1668	991	0
1159.3	1451.9	1669	991	0
1161.5	1450	1670	991	0
1164.5	1449.7	1671	991	0
1168.2	1449.9	1672	991	0
1172.1	1449.9	1673	991	0
1175.2	1449.9	1674	991	0
1178.3	1449.5	1675	991	0
1182.9	1450	1676	991	0
1186.5	1448.7	1677	991	0
1190.2	1448.3	1678	991	0
1192.8	1447.8	1679	991	0
1196.7	1446.8	1680	991	0
1200.6	1445.8	1681	991	0
1203.4	1444.1	1682	991	0
1207.2	1442.8	1683	991	0
1210.5	1441.5	1684	991	1
1209.4	1442	1685	991	0
1205.2	1444.2	1686	991	0
1200.6	1445.9	1687	991	0
1196.2	1448.2	1688	991	0
1191.5	1450	1689	991	0
1187.4	1451.1	1690	991	0
1182.2	1454.3	1691	991	0
1177.3	1456.8	1692	991	0
1173.5	1458.5	1693	991	0
1168.5	1460	1694	991	0
1164.1	1460.6	1695	991	0
1158.5	1462.1	1696	991	0
1153.5	1464	1697	991	0
1149	1465.1	1698	991	0
1144.7	1465.6	1699	991	0
1140.8	1465.7	1700	991	0
1134.8	1465.6	1701	991	0
1128.7	1465.6	1702	991	0
1122.3	1466.4	1703	991	0
1116.3	1466.4	1704	991	0
1109.7	1467.6	1705	991	0
1103.5	1468.5	1706	991	0
1097	1469.3	1707	991	0
1091	1470.5	1708	991	0
1084	1471.5	1709	991	0
1078.3	1471.9	1710	991	0
1072.3	1473.4	1711	991	0
1066.7	1473.8	1712	991	0
1062.4	1474.7	1713	991	0
1058.8	1474.8	1714	991	0
1053.7	1475.1	1715	991	0
1049.4	1475.8	1716	991	0
1043.5	1476.6	1717	991	0
1039.2	1477.9	1718	991	1
1038.7	1477.3	1719	991	1
1041.5	1477	1720	991	0
1045.1	1477	1721	991	0
1049.1	1476.9	1722	991	0
1052.9	1476.8	1723	991	0
1056.7	1475.9	1724	991	0
1061.3	1475.4	1725	991	0
1064.7	1475.2	1726	991	0
1069.3	1475.9	1727	991	0
1073.1	1477	1728	991	0
1076.5	1477	1729	991	0
1079.5	1477.6	1730	991	0
1083.5	1479	1731	991	0
1086.5	1480.3	1732	991	0
1090.5	1481.3	1733	991	0
1093.5	1481.5	1734	991	0
1097.5	1482	1735	991	0
1100.5	1483	1736	991	0
1103.5	1483.5	1737	991	0
1105.7	1483.6	1738	991	0
768.35	1851	417	288	0
765.7	1849.2	418	288	0
763.26	1847.7	419	288	0
761.12	1845.3	420	288	0
759.64	1843.8	421	288	0
758.21	1841.5	422	288	0
757	1839.5	423	288	0
755.72	1837.3	424	288	0
754.16	1834.8	425	288	0
751.84	1832.8	426	288	0
748.84	1830.2	427	288	0
747	1828	428	288	0
745.33	1826.1	429	288	0
743	1825	430	288	0
740.67	1825.1	431	288	0
739.21	1823.2	432	288	0
737.14	1822	433	288	0
734.35	1821.7	434	288	0
732.33	1820.9	435	288	0
730.65	1820.3	436	288	0
729.35	1819.7	437	288	0
727.32	1817.8	438	288	0
725.65	1816.3	439	288	0
724.33	1815.1	440	288	0
722.5	1814	441	288	0
720.48	1813.6	442	288	0
718.33	1813.1	443	288	0
716.3	1812.2	444	288	0
714.67	1810.9	445	288	0
713.16	1809.8	446	288	0
711.33	1809.1	447	288	0
708.7	1808.2	448	288	0
706.9	1807.7	449	288	0
704.7	1807.2	450	288	0
702.05	1805.6	451	288	0
698	1804.5	452	288	0
696	1803.5	453	288	0
693.5	1802.5	454	288	0
690.5	1802	455	288	0
687.9	1800.7	456	288	0
685.48	1800.1	457	288	0
682.5	1799	458	288	0
680.16	1797.8	459	288	0
677.5	1796	460	288	0
676.16	1794.8	461	288	0
674.16	1793.8	462	288	0
672.16	1791.8	463	288	0
669.84	1790.2	464	288	0
667.26	1788.2	465	288	0
664.52	1785.9	466	288	0
661.72	1784.4	467	288	0
659.68	1783.3	468	288	0
656.5	1782.5	469	288	0
653.7	1781.8	470	288	0
650.96	1780.3	471	288	0
648.5	1780	472	288	0
646.37	1779.6	473	288	0
642.64	1779.1	474	288	0
639.5	1777.2	475	288	0
636.63	1776	476	288	0
633.96	1774.1	477	288	0
631.84	1771.8	478	288	0
629.62	1768.9	479	288	0
628.39	1767.1	480	288	0
626.48	1764.6	481	288	0
624.84	1763.2	482	288	0
623.36	1760.8	483	288	0
621.58	1758.6	484	288	0
619.5	1756	485	288	1
619	1754.4	486	288	1
621.1	1756.9	487	288	0
623.68	1759.7	488	288	0
626.92	1762.9	489	288	0
150	770.5	84	99	0
156	770.5	85	99	0
161.44	771.05	86	99	0
164.07	775.17	87	99	0
162.36	777.87	88	99	0
160.21	774.83	89	99	0
162.07	777.14	90	99	0
165.6	779.56	91	99	1
165.5	778.5	92	99	1
164.36	777.9	93	99	1
162.76	778.76	94	99	1
162.22	780	95	99	0
161.63	780.57	96	99	0
161.2	779.55	97	99	0
160.16	779.26	98	99	0
158.51	779.43	99	99	0
157	780.44	100	99	0
156.35	781.72	101	99	0
156	782.84	102	99	1
154.8	781.73	103	99	1
154.56	780.05	104	99	0
153.45	778.4	105	99	1
153.12	778.21	106	99	1
152.76	778.45	107	99	1
152.32	779.66	108	99	1
151.47	781.04	109	99	1
150.82	782.23	110	99	1
149.71	782.08	111	99	0
146.95	779.95	112	99	0
141.23	779.08	113	99	0
136	777.73	114	99	0
130	776.5	115	99	0
124.45	775.55	116	99	0
120.45	774.55	117	99	1
121.19	775.23	118	99	1
124.9	775.94	119	99	1
127.35	775.46	120	99	0
135.63	773.9	121	99	0
143.62	773.34	122	99	0
150.69	771.31	123	99	0
157.26	768.6	124	99	0
162.5	766	125	99	0
165.98	764.68	126	99	0
170.75	763.92	127	99	0
174.5	763.5	128	99	0
179.28	761.97	129	99	0
183.03	761.26	130	99	1
183.44	761.8	131	99	1
180.17	762.34	132	99	1
179.1	761.67	133	99	1
178.71	760.23	134	99	1
178.38	761.74	135	99	0
175.43	767.49	136	99	0
171.67	773.37	137	99	0
168.36	778.52	138	99	0
165.37	783.35	139	99	0
161.76	789.17	140	99	0
158.14	795.21	141	99	0
154.51	799.91	142	99	0
150.79	804.54	143	99	0
147.18	808.75	144	99	1
146.54	811.33	145	99	1
148.06	809.51	146	99	0
150.06	806.51	147	99	0
153.57	799.43	148	99	0
156	793.5	149	99	0
156.8	790.86	150	99	0
158.47	789.29	151	99	0
158.86	787.66	152	99	0
158.58	787.98	153	99	0
157.64	787.45	154	99	0
1042.8	1807.2	850	532	0
1038.8	1804.2	851	532	0
1034.5	1801	852	532	0
1031.3	1798.7	853	532	0
1027.9	1796.7	854	532	0
1024.7	1794.9	855	532	0
1021.8	1794.2	856	532	0
1019.7	1793.2	857	532	0
1017.5	1792	858	532	0
1014.5	1790.5	859	532	0
1011.5	1790	860	532	0
1009.8	1789.3	861	532	1
1014.7	1791.8	862	532	0
1019.5	1794	863	532	0
1023.3	1795.6	864	532	0
1027.5	1796.9	865	532	0
1032.2	1798.7	866	532	0
1039	1800.5	867	532	0
1044.8	1801.8	868	532	0
1050.7	1803.4	869	532	0
1056.5	1805.5	870	532	0
1062.8	1806.9	871	532	0
1067.3	1807.7	872	532	0
1073.5	1808.7	873	532	0
1078.5	1810.7	874	532	0
1083.5	1812.5	875	532	0
1088.1	1814	876	532	0
1092.7	1815.8	877	532	0
1098.1	1817.1	878	532	0
1103.4	1819.5	879	532	0
1107.5	1822.1	880	532	1
1107.3	1822.3	881	532	1
1103.3	1820.2	882	532	0
1100.1	1818.7	883	532	0
1098.3	1817.9	884	532	0
1095.7	1816.9	885	532	0
1093.3	1816	886	532	0
1090.5	1815	887	532	0
1087.7	1813.9	888	532	0
1085.3	1812.1	889	532	0
1082.5	1811.3	890	532	0
1078	1811.5	891	532	0
1074.3	1810.8	892	532	0
1070.5	1810.1	893	532	0
1067.7	1809.4	894	532	0
1064.5	1808	895	532	0
1061.5	1807.5	896	532	1
1060.5	1806.5	897	532	1
1065.7	1807.4	898	532	0
1071	1807.1	899	532	0
1076	1807.5	900	532	0
1080.9	1807.9	901	532	0
1088	1807	902	532	0
1092.5	1805.5	903	532	0
1098.2	1804.6	904	532	0
1103.5	1803	905	532	0
1108.5	1799.9	906	532	0
1113.5	1798	907	532	0
1118.5	1795.1	908	532	0
1123.4	1793.3	909	532	0
1127	1792	910	532	1
1124.7	1792.1	911	532	0
1121.6	1793.2	912	532	0
1119.4	1794.8	913	532	0
1117.5	1795.7	914	532	0
1116.7	1796.1	915	532	0
1113.5	1797.7	916	532	0
1110	1797.3	917	532	0
1105.7	1796.5	918	532	0
1102.5	1796.7	919	532	0
1099.5	1797	920	532	0
1584	804	1147	700	0
1589.4	805.15	1148	700	0
1594.5	804.06	1149	700	1
1593.7	804.58	1150	700	0
1588.5	804.5	1151	700	0
1582.9	804.74	1152	700	0
1577.5	805.94	1153	700	0
1572.5	807.06	1154	700	0
1566.7	807.83	1155	700	0
1561.7	808.9	1156	700	0
1556.4	810.09	1157	700	0
1550.9	811.52	1158	700	0
1545.2	813.37	1159	700	0
1540.5	815.74	1160	700	0
1535.9	817.59	1161	700	0
1530.6	820.09	1162	700	0
1525.1	822.89	1163	700	0
1521.2	825.73	1164	700	0
1517	829	1165	700	0
1512	832.08	1166	700	0
1506.8	835.12	1167	700	0
1502.4	837.4	1168	700	0
1497.8	840.84	1169	700	0
1493	843.5	1170	700	0
1487.7	847.16	1171	700	0
1482.7	850.7	1172	700	0
1476.5	854	1173	700	0
1471.5	857.5	1174	700	0
1467	861	1175	700	0
1462.5	864.5	1176	700	1
1461.4	865	1177	700	1
1460	865.65	1178	700	1
1458.9	866	1179	700	1
1458.8	866.64	1180	700	1
1466	866	1181	700	1
1471.8	862.07	1182	700	0
1476.8	859.36	1183	700	0
1483	858.5	1184	700	0
1489.3	860.74	1185	700	0
1495.7	860.74	1186	700	0
1500.5	859.5	1187	700	0
1504.8	858.12	1188	700	0
1507.5	856.27	1189	700	1
1505.8	857.32	1190	700	0
1503.7	859.12	1191	700	1
1503.5	859	1192	700	0
1502.5	858.27	1193	700	1
1502	859	1194	700	0
1501.1	860	1195	700	0
1500.7	860.88	1196	700	0
1499.7	861.12	1197	700	0
1497.7	861.12	1198	700	0
1496.2	861.38	1199	700	0
1495.2	861.84	1200	700	0
1493.2	862.16	1201	700	0
1492.2	863.16	1202	700	0
1491.2	863.2	1203	700	0
1490.2	862.8	1204	700	0
1488.6	862.79	1205	700	0
1487.2	862.64	1206	700	1
1487	862.5	1207	700	1
1486.8	862.36	1208	700	1
1485.7	862.7	1209	700	1
1487.5	867.5	1210	700	1
1492	869.5	1211	700	1
1493	870	1212	700	1
1492	870.5	1213	700	1
1492	870	1214	700	1
1492.5	868.5	1215	700	0
1493	867	1216	700	0
1417.8	741.74	1350	796	0
1412.6	739.84	1351	796	0
1408.8	737.87	1352	796	0
1406	733.5	1353	796	0
1403.7	727.78	1354	796	0
1398	723.37	1355	796	0
1391.1	722	1356	796	0
1385.7	720.47	1357	796	0
1383.5	719	1358	796	1
1385.4	722.25	1359	796	0
1388.6	724.94	1360	796	0
1391.4	727.61	1361	796	0
1393.5	730.5	1362	796	0
1394.5	731.62	1363	796	0
1395.4	733.19	1364	796	0
1396.8	734.65	1365	796	0
1398	736.5	1366	796	0
1398.8	737.57	1367	796	0
1399.7	737.83	1368	796	0
1401.3	739.68	1369	796	0
1402.8	740.57	1370	796	0
1404	741.5	1371	796	1
1400.5	740.11	1372	796	0
1395.8	735.73	1373	796	0
1390.6	734.14	1374	796	0
1385.3	733.9	1375	796	1
1384.8	733.1	1376	796	0
1380.2	730.27	1377	796	0
1376.3	727.91	1378	796	1
1375.8	728.1	1379	796	0
1372.9	727.81	1380	796	0
1368.7	727.17	1381	796	0
1364.2	726.82	1382	796	0
1359.5	726.5	1383	796	0
1354.2	725.04	1384	796	0
1349.2	723.1	1385	796	0
1344.5	720.58	1386	796	0
1338.6	720.07	1387	796	0
1332.5	721.5	1388	796	0
1326.2	720.97	1389	796	0
1320.3	719.37	1390	796	0
1314.6	716.79	1391	796	0
1308	716.81	1392	796	0
1302.5	719.37	1393	796	0
1296.5	721.5	1394	796	0
1289.7	720.33	1395	796	0
1283.5	718.67	1396	796	0
1278.6	719	1397	796	0
1271	721.6	1398	796	0
1265.6	725.27	1399	796	0
1259.8	727.9	1400	796	1
1256	727	1401	796	1
1256	727	1402	796	0
1260.1	727	1403	796	0
1264.8	726.9	1404	796	0
1267	726.31	1405	796	0
1268.7	726.1	1406	796	0
1270	727	1407	796	0
1271	727.42	1408	796	0
1272.2	728.35	1409	796	0
1272.9	729.2	1410	796	0
1274	729.42	1411	796	0
1275.6	730.03	1412	796	0
1276.8	731.65	1413	796	0
1278.4	732.19	1414	796	0
1280	733	1415	796	0
1281.2	733.43	1416	796	0
1282	734.09	1417	796	0
1282.7	734.03	1418	796	0
1563	816	244	193	0
1560.3	821.7	245	193	0
1558	829	246	193	0
1556.5	834.5	247	193	0
1556.4	839.21	248	193	0
1554.5	844.5	249	193	0
1551.6	849.21	250	193	1
1551.5	853	251	193	1
1551.2	851.5	252	193	0
1551.9	847.74	253	193	0
1553.5	843.5	254	193	0
1554.6	839.21	255	193	0
1556.4	834.79	256	193	0
1557.5	831	257	193	0
1559	826.5	258	193	0
1559	823.5	259	193	0
1558.6	821	260	193	0
1558.8	817.72	261	193	0
1559	814.65	262	193	0
1559.6	812.79	263	193	0
1560.4	808.79	264	193	0
1560.2	805.5	265	193	1
1559.6	804.72	266	193	1
1559.4	808.79	267	193	0
1559.4	812.79	268	193	0
1559.4	817.72	269	193	0
1559.5	820	270	193	0
1559.6	822.28	271	193	1
1559.6	822.28	272	193	1
1559.1	818.53	273	193	0
1559.4	814.79	274	193	0
1559.6	811.21	275	193	0
1560.9	806.53	276	193	0
1563	802	277	193	0
1565.4	797.28	278	193	0
1565.6	792.28	279	193	0
1564.5	788	280	193	0
1564.5	785	281	193	1
1565	788.5	282	193	0
1565.5	794	283	193	0
1565.4	798.72	284	193	0
1565.4	803.72	285	193	0
1566.3	808.76	286	193	0
1566.9	813.47	287	193	0
1567.2	817.5	288	193	0
1566.6	821.72	289	193	0
1565.8	826.23	290	193	0
1565	831	291	193	0
1563	837	292	193	0
1562.4	841.28	293	193	1
1562.4	839.79	294	193	0
1562.5	837	295	193	0
1563.5	832.5	296	193	0
1564.5	829	297	193	0
1565.6	824.72	298	193	0
1566.8	819.72	299	193	0
1567.7	815.68	300	193	0
1568.7	811.68	301	193	0
1569.8	808.72	302	193	0
1570.6	803.72	303	193	0
1571.3	800.17	304	193	0
1572.2	795.5	305	193	0
1573.4	790.72	306	193	0
1573.7	786.76	307	193	0
1574.6	782.72	308	193	0
1575.2	783.75	309	193	0
1909	1443.4	1383	832	0
1911	1443.5	1384	832	0
1913.7	1444.4	1385	832	0
1916.3	1444.9	1386	832	0
1919.2	1445.8	1387	832	0
1920.8	1447.2	1388	832	0
1921.6	1448	1389	832	0
1922.6	1448.6	1390	832	1
1923	1448.5	1391	832	1
1923	1447.6	1392	832	1
1921.8	1446.2	1393	832	0
1920	1443.6	1394	832	0
1917	1441.1	1395	832	0
1914.5	1439.6	1396	832	0
1912.8	1439.2	1397	832	0
1910.7	1438.3	1398	832	0
1908.9	1436.8	1399	832	0
1906.7	1433.6	1400	832	0
1904.3	1430.3	1401	832	0
1901.9	1427	1402	832	0
1899.7	1424.1	1403	832	0
1898.2	1421.4	1404	832	0
1896.8	1418.9	1405	832	0
1895.8	1415.8	1406	832	0
1893.3	1413.2	1407	832	0
1891.8	1410.8	1408	832	0
1888.2	1408.2	1409	832	0
1885	1405.4	1410	832	0
1883	1401.6	1411	832	0
1882	1400	1412	832	1
1883.5	1402.6	1413	832	0
1885.3	1404.8	1414	832	0
1887.2	1407.7	1415	832	0
1887.8	1410.8	1416	832	0
1888.8	1414.8	1417	832	0
1890.8	1417.7	1418	832	0
1890.4	1421.8	1419	832	0
1890.8	1425.8	1420	832	0
1892.2	1429.2	1421	832	0
1892.5	1433.3	1422	832	0
1892.6	1437	1423	832	0
1893.4	1441.8	1424	832	0
1894.8	1445.8	1425	832	0
1894.8	1449.2	1426	832	0
1894.7	1452.4	1427	832	0
1894.8	1455.6	1428	832	0
1894	1459	1429	832	0
1892.6	1462	1430	832	0
1890.2	1464.2	1431	832	0
1888	1466	1432	832	0
1886.2	1468.2	1433	832	0
1885.2	1469.2	1434	832	1
1886.1	1466.4	1435	832	0
1887.4	1462.8	1436	832	0
1889.6	1458.2	1437	832	0
1892.5	1454.5	1438	832	0
1894.2	1450.6	1439	832	0
1896.2	1447.2	1440	832	0
1896.5	1443	1441	832	0
1895.8	1439.7	1442	832	0
1895.9	1436.3	1443	832	0
1894.6	1432.9	1444	832	0
1892.5	1429.3	1445	832	0
1890.8	1425.8	1446	832	0
1889.8	1420.8	1447	832	0
1887.3	1417.8	1448	832	0
1870	53.5	1000	615	0
1868.8	54.7	1001	615	0
1867.7	56.955	1002	615	0
1866.1	59.524	1003	615	0
1864.6	62.476	1004	615	0
1863.8	64.7	1005	615	0
1861.8	66.842	1006	615	0
1859.7	69.095	1007	615	0
1857.8	70.842	1008	615	0
1857	72.5	1009	615	0
1855	74.5	1010	615	0
1853.3	76.286	1011	615	0
1852	77.619	1012	615	0
1849.2	79.158	1013	615	0
1847.8	79.7	1014	615	0
1846.4	82.278	1015	615	0
1845.5	84.5	1016	615	0
1845.2	87.3	1017	615	0
1844.5	89.5	1018	615	0
1844.9	92.333	1019	615	0
1843.5	95	1020	615	0
1842.7	97.955	1021	615	0
1841.8	99.842	1022	615	0
1841.8	100.84	1023	615	0
1841.3	102.5	1024	615	0
1840.8	103.7	1025	615	1
1841.8	102.17	1026	615	0
1843.5	97.5	1027	615	0
1845	92	1028	615	0
1846.2	88.696	1029	615	0
1848.8	85.8	1030	615	0
1852.5	82.5	1031	615	0
1857	78.391	1032	615	0
1861.5	74.889	1033	615	0
1864.8	72.815	1034	615	0
1869.1	69.103	1035	615	0
1872.8	65.333	1036	615	0
1875.5	61.5	1037	615	0
1878.6	57.633	1038	615	0
1882.8	54.815	1039	615	0
1886.5	51.5	1040	615	0
1890.4	49.367	1041	615	0
1893.3	45.654	1042	615	0
1895.6	42.633	1043	615	0
1898.5	39	1044	615	1
1900.2	38.176	1045	615	1
1898.8	40.667	1046	615	0
1897.5	44.379	1047	615	0
1895.5	47.379	1048	615	0
1892.7	50.222	1049	615	0
1890.3	53.654	1050	615	0
1887.7	57.346	1051	615	0
1884.6	60.633	1052	615	0
1882.8	63.5	1053	615	0
1882.2	65.273	1054	615	0
1881.7	67.613	1055	615	0
1880.4	69.367	1056	615	0
1877.8	72.5	1057	615	0
1876.2	74.5	1058	615	0
1874.5	76.897	1059	615	0
1873	78.5	1060	615	0
1872.3	80.778	1061	615	0
2013	1338.8	2094	1228	0
2017	1339	2095	1228	0
2018.7	1338.7	2096	1228	1
2015.7	1337.3	2097	1228	0
2013	1336.8	2098	1228	0
2010.4	1337	2099	1228	0
2007.1	1336.7	2100	1228	0
2003.6	1337.8	2101	1228	0
1999.5	1338.2	2102	1228	0
1996.2	1338.9	2103	1228	0
1992.3	1338.9	2104	1228	0
1989.7	1338.2	2105	1228	0
1986.7	1337.2	2106	1228	0
1983.3	1335.9	2107	1228	0
1980.2	1334.8	2108	1228	0
1977	1334.5	2109	1228	0
1974	1333	2110	1228	0
1972	1330	2111	1228	0
1969.8	1327.2	2112	1228	0
1968	1325	2113	1228	0
1965.8	1323.8	2114	1228	0
1963.6	1322	2115	1228	0
1960.8	1319.2	2116	1228	0
1959.2	1316.8	2117	1228	0
1956.8	1315.2	2118	1228	1
1957.7	1315.7	2119	1228	0
1961.6	1319.1	2120	1228	0
1964.8	1322.7	2121	1228	0
1967.5	1325.6	2122	1228	0
1970.2	1327.8	2123	1228	1
1967.5	1325.8	2124	1228	0
1964.5	1324.5	2125	1228	0
1961.3	1322.2	2126	1228	0
1958	1320	2127	1228	0
1955.8	1318.3	2128	1228	0
1953	1316	2129	1228	0
1949.8	1313.7	2130	1228	0
1947.7	1310.2	2131	1228	0
1946.3	1307.7	2132	1228	0
1944.5	1305	2133	1228	0
1943.4	1302.7	2134	1228	0
1943	1300	2135	1228	0
1942.5	1298	2136	1228	0
1942.5	1295.5	2137	1228	0
1941.8	1293.2	2138	1228	0
1941.5	1291	2139	1228	0
1942.5	1288	2140	1228	0
1942.5	1285.5	2141	1228	0
1942.4	1283	2142	1228	0
1941.8	1280.8	2143	1228	0
1942.6	1278.7	2144	1228	0
1943.4	1275.7	2145	1228	0
1944.4	1272.7	2146	1228	0
1944.5	1269	2147	1228	0
1945.6	1266.2	2148	1228	0
1947.5	1264	2149	1228	0
1947.5	1262.5	2150	1228	0
1948.4	1260	2151	1228	0
1948.6	1258	2152	1228	0
1948.5	1259.5	2153	1228	0
1948.4	1263.7	2154	1228	0
1948.5	1267.5	2155	1228	0
1156.4	1335.5	130	130	0
1155.6	1332.3	131	130	0
1154.4	1329.7	132	130	0
1153.5	1327	133	130	0
1152.5	1323.5	134	130	0
1152.2	1320.8	135	130	0
1151.6	1318	136	130	0
1150.8	1314.7	137	130	0
1150.6	1311.6	138	130	0
1150.3	1308.3	139	130	0
1149.6	1305.6	140	130	0
1148.2	1303.1	141	130	0
1147	1300	142	130	0
1147	1295	143	130	0
1146.4	1293	144	130	0
1146	1290	145	130	0
1146.3	1287.3	146	130	0
1147	1285	147	130	0
1147	1283	148	130	1
1146	1282	149	130	1
1146	1284	150	130	0
1147	1287	151	130	0
1147.2	1289.8	152	130	0
1148.3	1291.4	153	130	0
1149.8	1292.5	154	130	0
1148.8	1294.2	155	130	0
1148.8	1295.5	156	130	0
1149	1296	157	130	0
1147.6	1297	158	130	0
1147.5	1297.5	159	130	0
1147	1299	160	130	1
1147	1299.4	161	130	0
1146.8	1300.2	162	130	0
1146	1302	163	130	0
1147	1304	164	130	0
1146.8	1303.2	165	130	0
1146.6	1305.2	166	130	1
1146.8	1305.5	167	130	1
1146.8	1306.5	168	130	0
1145.5	1309	169	130	0
1144.5	1313	170	130	0
1142.5	1316	171	130	0
1140.9	1320.3	172	130	0
1139.5	1325	173	130	0
1136.7	1329.7	174	130	0
1135.6	1333.7	175	130	0
1134	1337	176	130	0
1133.2	1340.3	177	130	1
1132.5	1341	178	130	1
1132	1341.4	179	130	1
1132	1340.6	180	130	1
1132	1339.6	181	130	0
1133.5	1337.5	182	130	0
1134.8	1334.7	183	130	0
1135.8	1331.7	184	130	0
1136.8	1328.7	185	130	0
1137.3	1325.5	186	130	0
1137.5	1323	187	130	0
1138	1319	188	130	0
1139	1317	189	130	0
1141	1312	190	130	0
1756.5	1299.2	394	266	0
1754.8	1296.4	395	266	0
1753.4	1294.8	396	266	0
1751.1	1292.6	397	266	0
1749.1	1289.5	398	266	0
1747.7	1287.2	399	266	0
1746.3	1284.8	400	266	0
1745.8	1283.2	401	266	0
1744.2	1281.3	402	266	0
1743.2	1277.8	403	266	0
1740.2	1275.3	404	266	0
1739.1	1272.5	405	266	0
1737.8	1269.2	406	266	0
1736.8	1266.2	407	266	0
1735.5	1264	408	266	0
1734.3	1260.8	409	266	0
1733.2	1258.8	410	266	0
1732.5	1255.5	411	266	0
1731.8	1252.3	412	266	0
1731.3	1250.7	413	266	0
1730.8	1249.7	414	266	1
1732.6	1251.3	415	266	1
1733.5	1254	416	266	1
1733.5	1256.5	417	266	0
1733.4	1260.7	418	266	0
1734.6	1264.3	419	266	0
1735.5	1268	420	266	0
1736.5	1272	421	266	0
1737.4	1275.7	422	266	0
1737.5	1279.5	423	266	0
1737.4	1283.7	424	266	0
1737.9	1287.3	425	266	0
1738.6	1291.3	426	266	0
1739.5	1295	427	266	0
1740.5	1298	428	266	0
1742.1	1301.5	429	266	0
1743.6	1305.3	430	266	0
1744.4	1308.7	431	266	0
1744.6	1312.3	432	266	0
1745.5	1316.5	433	266	0
1745.1	1320.5	434	266	0
1746.1	1324.5	435	266	0
1747.6	1327.8	436	266	0
1748.4	1331.7	437	266	0
1749.6	1335.3	438	266	0
1751.6	1339.5	439	266	0
1753.7	1342.3	440	266	0
1754.5	1345.5	441	266	0
1755.3	1348.7	442	266	1
1754.8	1348.3	443	266	1
1754.5	1345.5	444	266	0
1754.5	1340.5	445	266	0
1754.2	1336.7	446	266	0
1754.6	1334.3	447	266	0
1754.5	1330.5	448	266	0
1753.5	1326.5	449	266	0
1752.6	1322.3	450	266	0
1751.5	1319	451	266	0
1750.9	1317.3	452	266	0
1750.5	1314	453	266	0
1751	1311.5	454	266	0
1554.4	103.72	1659	990	0
1553.5	99	1660	990	0
1553.5	94	1661	990	0
1553.6	88.214	1662	990	0
1554.4	83.786	1663	990	0
1556.4	79.786	1664	990	0
1558.5	75.5	1665	990	0
1560.2	72.158	1666	990	1
1559	75	1667	990	0
1557.2	78.278	1668	990	0
1554.5	83	1669	990	0
1551.8	87.2	1670	990	0
1549.6	90	1671	990	0
1546.6	93.722	1672	990	0
1544.6	97.722	1673	990	0
1541.5	102.5	1674	990	0
1538.5	107	1675	990	0
1536.1	110.52	1676	990	0
1534.1	114.53	1677	990	0
1531	118	1678	990	0
1530.4	122.21	1679	990	0
1528.5	127	1680	990	0
1527.3	131.7	1681	990	0
1526.5	136	1682	990	0
1525.3	141.3	1683	990	0
1525.4	145.21	1684	990	0
1524.5	150	1685	990	0
1524.4	154.79	1686	990	0
1522.6	159.72	1687	990	0
1520.7	164.76	1688	990	0
1519.5	170	1689	990	0
1518.8	175.3	1690	990	0
1517.5	180	1691	990	0
1516.6	183.72	1692	990	0
1515.4	187.28	1693	990	0
1514.4	192.28	1694	990	0
1513.4	196.79	1695	990	0
1512.3	201.72	1696	990	0
1510.5	206.5	1697	990	0
1508.6	210.72	1698	990	0
1507.4	214.28	1699	990	0
1504.8	217.84	1700	990	0
1501.8	221.7	1701	990	0
1500.5	225.5	1702	990	0
1499.1	230.52	1703	990	0
1497.2	234.5	1704	990	0
1494.8	239.26	1705	990	0
1492.8	242.3	1706	990	0
1490	245.62	1707	990	0
1487.7	248.3	1708	990	0
1484.5	251	1709	990	1
1486.7	249.3	1710	990	0
1490.1	245.52	1711	990	0
1493.9	240.48	1712	990	0
1497	236.62	1713	990	0
1501.4	232.52	1714	990	0
1504.5	228.38	1715	990	0
455.28	1214.6	1558	934	0
462.72	1213.8	1559	934	0
468.7	1212.8	1560	934	0
474.2	1210.9	1561	934	0
479.61	1209.3	1562	934	0
485.68	1208.3	1563	934	0
492.72	1206.6	1564	934	0
500.2	1205.9	1565	934	0
506.5	1205.2	1566	934	0
513.21	1204.4	1567	934	0
522	1199.5	1568	934	0
527.39	1197.6	1569	934	0
534.95	1194.9	1570	934	0
541.17	1192.3	1571	934	0
546	1190.5	1572	934	0
552.83	1188.2	1573	934	1
552.33	1188.9	1574	934	1
549.67	1190.1	1575	934	0
545.7	1192.2	1576	934	0
542.8	1193.8	1577	934	0
539.67	1195.1	1578	934	0
536.33	1195.9	1579	934	0
533.67	1197.1	1580	934	0
530.81	1197.9	1581	934	0
528.32	1199	1582	934	0
526	1201	1583	934	0
522.3	1202.3	1584	934	0
518.2	1204.8	1585	934	0
516	1206.7	1586	934	0
513.94	1208.6	1587	934	0
512	1210.1	1588	934	0
509.5	1212.5	1589	934	0
507.67	1215.1	1590	934	0
504.52	1217.6	1591	934	0
501.78	1220.1	1592	934	0
499.68	1222.7	1593	934	0
497.5	1225.5	1594	934	0
496.33	1227.9	1595	934	0
493.48	1230.1	1596	934	0
490.5	1233	1597	934	0
488.36	1234.8	1598	934	0
486.36	1236.8	1599	934	0
483.48	1238.4	1600	934	0
480.5	1241	1601	934	0
478.48	1244.6	1602	934	0
476.52	1247.9	1603	934	0
474.34	1250.3	1604	934	0
472.5	1252.5	1605	934	0
471	1255.1	1606	934	0
469.36	1257.1	1607	934	0
468	1260	1608	934	0
468	1264	1609	934	0
467.84	1266.8	1610	934	1
468.5	1266.5	1611	934	0
470.7	1259.7	1612	934	0
473.16	1253.2	1613	934	0
729.5	7.2143	1050	637	0
729.35	10.654	1051	637	0
728.73	13.5	1052	637	0
729	16	1053	637	0
728.39	18.278	1054	637	0
726.1	21.524	1055	637	0
724.5	24.5	1056	637	0
723.38	27.524	1057	637	0
721.85	30.7	1058	637	0
721.5	34.5	1059	637	0
720.06	37.722	1060	637	0
718.39	41.278	1061	637	0
716.5	44.5	1062	637	0
715.5	48	1063	637	0
714.74	51.684	1064	637	0
713.85	54.7	1065	637	0
711.5	58	1066	637	0
709	61	1067	637	0
706.1	64.524	1068	637	0
703.5	67.5	1069	637	0
701.84	68.842	1070	637	0
699.84	69.842	1071	637	0
698.84	69.842	1072	637	0
696.84	70.842	1073	637	0
696.16	71.158	1074	637	0
694	73	1075	637	0
693	74	1076	637	0
691.5	75.5	1077	637	0
689.84	76.842	1078	637	0
687.67	78.125	1079	637	0
686	79	1080	637	0
684.33	79.875	1081	637	0
682.88	81.333	1082	637	0
682.35	82.654	1083	637	0
681.5	84	1084	637	1
680.35	84.654	1085	637	1
682.7	82.217	1086	637	0
687.5	79	1087	637	0
691.33	76.208	1088	637	0
696.52	73.095	1089	637	0
700.5	72	1090	637	0
704.5	71.5	1091	637	0
710.72	69.611	1092	637	0
715.5	67.2	1093	637	0
721.28	65.389	1094	637	0
726.52	62.095	1095	637	0
731.32	59.263	1096	637	0
736.76	57.706	1097	637	0
742.48	55.905	1098	637	0
747.3	54.15	1099	637	0
750.84	53.158	1100	637	1
748.84	53.842	1101	637	0
744.84	54.842	1102	637	0
741.28	55.389	1103	637	0
737	55.5	1104	637	0
1241.8	183.33	1455	868	0
1244.2	186.81	1456	868	0
1246.5	190.5	1457	868	0
1248.5	193	1458	868	0
1251.5	195	1459	868	0
1254.1	197.29	1460	868	0
1256.2	199.74	1461	868	0
1257.1	202.48	1462	868	0
1258.7	205	1463	868	0
1260.6	207.37	1464	868	0
1260.8	208.75	1465	868	0
1262.7	210.8	1466	868	0
1264.5	213.62	1467	868	0
1266.7	216.88	1468	868	0
1268.2	219.44	1469	868	0
1269.2	222.17	1470	868	0
1270.5	224.5	1471	868	0
1271.6	228.28	1472	868	0
1271.9	231.25	1473	868	0
1272.3	234.4	1474	868	0
1272.3	235.42	1475	868	1
1271.8	234.26	1476	868	0
1271.5	233.64	1477	868	0
1271.9	232.78	1478	868	0
1271.7	231.68	1479	868	1
1271.6	231.42	1480	868	1
1271.5	231.5	1481	868	1
1271.3	231.17	1482	868	1
1271.4	230.67	1483	868	1
1270.7	230.78	1484	868	0
1269.7	230.29	1485	868	0
1268.4	229.77	1486	868	0
1267.5	232	1487	868	0
1266.5	232.5	1488	868	0
1265.7	232.68	1489	868	0
1264.5	234.41	1490	868	0
1263.4	234.76	1491	868	0
1262.6	236.77	1492	868	0
1261.6	237.57	1493	868	0
1260.9	237.37	1494	868	0
1260.3	237.63	1495	868	0
1259	238	1496	868	1
1260.1	237.74	1497	868	1
1261.9	234.71	1498	868	0
1264.5	233	1499	868	0
1265.6	231.03	1500	868	0
1265.8	228.03	1501	868	0
1266.7	225	1502	868	0
1267.4	222.16	1503	868	0
1268	219.39	1504	868	0
1269.2	216.97	1505	868	0
1270	214.5	1506	868	0
1270.3	211.88	1507	868	0
1270.5	210	1508	868	0
96.5	1505.5	1787	1052	0
94.5	1504.5	1788	1052	0
91	1503.5	1789	1052	0
87.214	1502.4	1790	1052	0
84	1500.6	1791	1052	0
80.5	1499.5	1792	1052	0
77	1497.5	1793	1052	0
73.214	1495.4	1794	1052	0
71	1493.5	1795	1052	0
68.357	1492.8	1796	1052	0
65.214	1491.4	1797	1052	0
62.5	1489.5	1798	1052	0
60.5	1488.5	1799	1052	0
58.647	1488	1800	1052	0
57.353	1487	1801	1052	0
54.5	1486.5	1802	1052	0
52	1486.5	1803	1052	0
48.643	1484.8	1804	1052	0
47	1483.5	1805	1052	0
45.5	1482.5	1806	1052	0
44.3	1480.3	1807	1052	0
42.5	1478	1808	1052	0
40.3	1475.7	1809	1052	0
37.357	1474.2	1810	1052	0
35.214	1472.4	1811	1052	0
33.167	1471	1812	1052	0
30.786	1469.4	1813	1052	0
28.5	1467.5	1814	1052	0
26.636	1466	1815	1052	1
29.3	1466.7	1816	1052	1
32.5	1469.5	1817	1052	0
35.5	1471.5	1818	1052	0
38	1475	1819	1052	0
41.786	1477.9	1820	1052	0
45	1479.5	1821	1052	0
47.524	1481.4	1822	1052	1
48	1482	1823	1052	1
48.522	1482.6	1824	1052	1
49	1483	1825	1052	0
50	1485.5	1826	1052	0
52.103	1487.5	1827	1052	0
54.111	1489.5	1828	1052	0
56.5	1492.2	1829	1052	0
59.103	1494.5	1830	1052	0
61.5	1496	1831	1052	0
63.172	1497.1	1832	1052	0
65	1497.7	1833	1052	0
67.333	1499.1	1834	1052	0
70.68	1501.3	1835	1052	0
73.3	1503.8	1836	1052	0
76.5	1505	1837	1052	0
79.5	1507	1838	1052	0
1812.9	142.78	2339	1388	0
1810.8	139.87	2340	1388	0
1808.7	137.88	2341	1388	0
1807	135.86	2342	1388	0
1806	133.14	2343	1388	0
1804.3	130.35	2344	1388	0
1803.7	126.65	2345	1388	0
1802.5	124	2346	1388	0
1801.8	120.84	2347	1388	0
1801	118	2348	1388	1
1800.6	118.79	2349	1388	1
1801	124	2350	1388	0
1800.8	128.84	2351	1388	0
1801.4	133.52	2352	1388	0
1803.2	139.3	2353	1388	0
1805.4	144.72	2354	1388	0
1806	150.5	2355	1388	0
1806.5	155.5	2356	1388	0
1806.5	160.5	2357	1388	0
1808.5	165.5	2358	1388	0
1810.1	169.48	2359	1388	0
1812.7	174.32	2360	1388	0
1815.1	178.48	2361	1388	0
1816.8	183.16	2362	1388	1
1817.3	182.83	2363	1388	1
1815.2	179.84	2364	1388	0
1812.6	176.28	2365	1388	0
1810	172.5	2366	1388	0
1807.7	169.84	2367	1388	0
1804.2	167.84	2368	1388	0
1801.5	165.5	2369	1388	0
1798.6	163	2370	1388	0
1795	160	2371	1388	0
1792	158	2372	1388	0
1789.2	156.72	2373	1388	0
1787	155.5	2374	1388	0
1783	154.5	2375	1388	0
1780.2	152.84	2376	1388	0
1776.2	151.84	2377	1388	0
1773	149.65	2378	1388	0
1770	148.35	2379	1388	0
1767.3	146.83	2380	1388	0
1764.2	145.2	2381	1388	0
1762.2	144.84	2382	1388	1
1763.4	146.79	2383	1388	1
1767.8	149.8	2384	1388	0
1770.8	152.8	2385	1388	0
1773.8	154.84	2386	1388	0
1777.4	157.79	2387	1388	0
1779.6	161	2388	1388	0
1782.4	164.21	2389	1388	0
1785	167	2390	1388	0
1987	1878.6	11	38	0
1984.5	1877	12	38	0
1982	1874.5	13	38	0
1980.5	1872	14	38	0
1978.8	1870.2	15	38	0
1977.5	1869	16	38	0
1975.3	1867.6	17	38	0
1972.3	1864.9	18	38	0
1968.7	1864.2	19	38	0
1965.8	1863.2	20	38	0
1962.6	1862	21	38	0
1960.6	1862	22	38	0
1958	1860.6	23	38	0
1955.6	1858.6	24	38	0
1953.8	1855.2	25	38	0
1951	1854	26	38	0
1950	1852.5	27	38	0
1947	1851	28	38	1
1947	1851	29	38	1
1950	1854	30	38	0
1954	1857	31	38	0
1954.8	1859.4	32	38	0
1957.2	1862.8	33	38	0
1958.9	1866.5	34	38	0
1959.4	1870.3	35	38	0
1959.7	1874.3	36	38	0
1961.1	1877.5	37	38	0
1963.9	1881.2	38	38	0
1966.1	1885.3	39	38	0
1967.9	1889.8	40	38	0
1969.9	1893.3	41	38	0
1970.3	1896.7	42	38	0
1970.9	1901.2	43	38	0
1971.2	1902.6	44	38	1
1971.5	1901	45	38	0
1971.9	1898.3	46	38	0
1971.4	1894.8	47	38	0
1971.2	1890.3	48	38	0
1971.9	1886.3	49	38	0
1972.5	1882.5	50	38	0
1974.1	1877.7	51	38	0
1975.4	1874	52	38	0
1976.9	1870.3	53	38	0
1978.1	1866.8	54	38	0
1980.9	1863.3	55	38	0
1983.1	1859.7	56	38	0
1984	1855.5	57	38	0
1986	1851.5	58	38	0
1988.5	1847.5	59	38	0
1989.2	1844.3	60	38	0
1990.9	1840.5	61	38	0
998	1745	320	213	0
997	1747	321	213	0
994.88	1749.3	322	213	0
992.64	1751.2	323	213	0
990.67	1753.1	324	213	0
988.79	1756.2	325	213	0
986.48	1759.4	326	213	0
984.52	1761.6	327	213	0
981.93	1763.8	328	213	0
979.19	1765.2	329	213	0
977.5	1766.5	330	213	0
975.5	1769.5	331	213	0
972.5	1771.5	332	213	0
969.81	1773.8	333	213	0
967.71	1776.6	334	213	0
965.32	1779.3	335	213	0
963.93	1781.8	336	213	0
961.33	1783.9	337	213	0
959.5	1786	338	213	0
957.03	1787.8	339	213	0
955.19	1789.2	340	213	0
953.54	1791.5	341	213	0
951.5	1794	342	213	0
949	1795.7	343	213	0
945.81	1796.8	344	213	0
943.5	1799.5	345	213	0
941.33	1800.9	346	213	0
938.41	1801.5	347	213	0
935.64	1802.2	348	213	0
932.67	1803.1	349	213	0
929.48	1804.1	350	213	0
926.67	1806.1	351	213	0
923.54	1807.5	352	213	0
921.15	1809.3	353	213	0
918.67	1811.1	354	213	0
917.13	1812.5	355	213	0
915.81	1814.7	356	213	0
913.64	1817.2	357	213	0
911.65	1819.3	358	213	0
909.5	1821.5	359	213	0
907.35	1822.7	360	213	0
904.59	1824.5	361	213	0
902.48	1826.4	362	213	0
900.36	1827.8	363	213	0
898.81	1829.8	364	213	0
896.76	1831.4	365	213	0
894.74	1833.5	366	213	0
892.15	1835.3	367	213	0
890.35	1838	368	213	0
1900.5	1335	468	291	0
1899.5	1339	469	291	0
1899.4	1341.3	470	291	0
1898.5	1345	471	291	0
1898.5	1347.5	472	291	0
1897.5	1350	473	291	0
1896.8	1352.8	474	291	0
1896.2	1354.8	475	291	0
1896	1357.6	476	291	0
1895.5	1360	477	291	1
1896.5	1362	478	291	1
1896.7	1357.8	479	291	0
1897	1350.5	480	291	0
1897.7	1344.8	481	291	0
1897.6	1338.3	482	291	0
1897.5	1332	483	291	0
1897.6	1325.5	484	291	0
1896.4	1318.7	485	291	0
1895.2	1311.8	486	291	0
1893.5	1304.5	487	291	0
1891.8	1297.2	488	291	0
1890.1	1291.5	489	291	0
1889.6	1285.3	490	291	0
1889.2	1279.5	491	291	0
1887.8	1272.2	492	291	0
1886.6	1264.5	493	291	0
1885.6	1257.5	494	291	0
1883.3	1251.7	495	291	1
1883.9	1253.3	496	291	0
1885.8	1257.2	497	291	0
1888.1	1259.5	498	291	0
1889.6	1263	499	291	0
1891.6	1267	500	291	0
1893.4	1270	501	291	0
1893.8	1272.2	502	291	0
1894.5	1274.5	503	291	0
1894.5	1278	504	291	0
1894.2	1282.5	505	291	0
1894.2	1284.8	506	291	0
1894.5	1286	507	291	0
1895.2	1288.5	508	291	0
1895.5	1291	509	291	0
1897.2	1293.8	510	291	0
1898.8	1296.8	511	291	0
1900.5	1299	512	291	1
1899.8	1299.2	513	291	0
1896.1	1294	514	291	0
1893.8	1288.7	515	291	0
1882.5	1168	845	531	0
1885.2	1164.6	846	531	0
1884	1165.5	847	531	0
1883	1168.5	848	531	0
1881.8	1171.2	849	531	0
1880.6	1174.3	850	531	0
1879.8	1177.3	851	531	0
1878	1180.5	852	531	0
1877	1182	853	531	0
1876	1184	854	531	0
1874.8	1185.2	855	531	0
1874	1186.5	856	531	0
1873.4	1188	857	531	0
1873.2	1190.2	858	531	0
1872	1192.4	859	531	0
1869.5	1194.5	860	531	0
1868.4	1196.8	861	531	0
1867.5	1198.5	862	531	0
1867	1200.4	863	531	0
1866.5	1202	864	531	0
1865.5	1205	865	531	1
1864.5	1206	866	531	1
1864	1208.6	867	531	1
1864.5	1206.5	868	531	0
1866.6	1201.7	869	531	0
1868.4	1195.8	870	531	0
1869.8	1189.8	871	531	0
1872.6	1184.2	872	531	0
1876.5	1177	873	531	0
1879.5	1171.5	874	531	0
1880.8	1165.2	875	531	0
1884	1158.4	876	531	0
1888	1152.5	877	531	0
1890	1150.5	878	531	1
1888	1153	879	531	0
1886.8	1155.8	880	531	0
1885.2	1159.2	881	531	0
1884.8	1162.8	882	531	0
1884.1	1165.7	883	531	0
1882.9	1167	884	531	0
1881	1168.5	885	531	0
1878.9	1169.3	886	531	0
1878	1170.9	887	531	0
1877	1172.1	888	531	0
1875.6	1172.6	889	531	0
1875	1173.6	890	531	0
1874.3	1175.3	891	531	0
1873.5	1177	892	531	0
687	1903	1401	833	0
687	1904	1402	833	0
683.5	1905.5	1403	833	0
679.3	1908.3	1404	833	0
675.5	1909.5	1405	833	0
672.16	1910.2	1406	833	0
670	1912.8	1407	833	0
667.38	1915.4	1408	833	0
665.2	1917.8	1409	833	0
664.5	1920	1410	833	0
663	1922	1411	833	0
660.74	1924.5	1412	833	0
658	1926	1413	833	0
655	1927.5	1414	833	0
651.3	1929.2	1415	833	0
649	1930.5	1416	833	0
646	1931.6	1417	833	0
643.78	1933.1	1418	833	0
642.33	1934.9	1419	833	0
640.88	1936.3	1420	833	0
639.17	1938.7	1421	833	0
636.26	1942.1	1422	833	0
635.17	1945.1	1423	833	0
632.62	1947.6	1424	833	0
631.78	1950.1	1425	833	0
630.16	1952.2	1426	833	0
626.83	1955.7	1427	833	0
625.42	1958.6	1428	833	0
623	1961	1429	833	0
621	1963	1430	833	0
619.52	1965.9	1431	833	0
618	1968	1432	833	0
616	1971.5	1433	833	0
614.16	1975.2	1434	833	0
613	1977	1435	833	0
611.67	1979.1	1436	833	1
612	1976	1437	833	1
613.78	1973.1	1438	833	1
614.1	1970.7	1439	833	0
614.14	1968.9	1440	833	0
614.77	1967	1441	833	0
615.1	1965.3	1442	833	0
615.47	1964.7	1443	833	0
615.41	1963.4	1444	833	0
615.1	1961.3	1445	833	0
615.1	1958.8	1446	833	0
615.68	1956.7	1447	833	0
615.47	1954.7	1448	833	0
1178	1327.5	784	467	0
1175.7	1324.9	785	467	0
1175	1322	786	467	0
1174.3	1318.9	787	467	0
1173.3	1316.6	788	467	0
1171.1	1312.9	789	467	0
1169.8	1309.2	790	467	0
1169	1305.4	791	467	0
1168.8	1300.8	792	467	0
1168.8	1296.8	793	467	0
1168	1293	794	467	0
1166.8	1290.2	795	467	1
1166	1290	796	467	1
1167	1293.4	797	467	0
1167.6	1297.9	798	467	0
1168	1302.4	799	467	0
1168.9	1306.3	800	467	0
1169.8	1310.6	801	467	0
1168.9	1314.7	802	467	0
1168	1318.5	803	467	0
1168	1322	804	467	0
1167.9	1325.8	805	467	0
1168.2	1328.7	806	467	0
1168.7	1331.5	807	467	0
1168.8	1334.7	808	467	0
1168	1337.9	809	467	0
1167	1341.5	810	467	0
1166.5	1344.5	811	467	0
1165.8	1347.7	812	467	0
1165.2	1350.3	813	467	0
1164.5	1354	814	467	0
1164.5	1357	815	467	0
1164.2	1359.3	816	467	0
1163.2	1360.2	817	467	0
1161.2	1362.2	818	467	0
1160.2	1364.2	819	467	0
1158.8	1365.8	820	467	0
1157.2	1367.3	821	467	0
1156	1369	822	467	0
1155	1370.1	823	467	0
1153.7	1371.5	824	467	0
1152.8	1372.8	825	467	0
1151.9	1374.2	826	467	0
1152	1376	827	467	0
1151.6	1377.6	828	467	0
1151.8	1378.8	829	467	0
175.65	2010.7	1511	907	0
175.89	2011.5	1512	907	0
174.5	2010.2	1513	907	0
173.8	2008.2	1514	907	0
172.9	2005.8	1515	907	0
172.5	2004.3	1516	907	0
171.9	2001.8	1517	907	0
172.38	1999.2	1518	907	0
173	1996	1519	907	0
173.38	1993.2	1520	907	0
172.58	1990.3	1521	907	0
172.2	1988.2	1522	907	0
172.29	1985.2	1523	907	0
171.62	1982.8	1524	907	0
171.58	1980	1525	907	0
171.7	1976.8	1526	907	0
172.2	1973.2	1527	907	0
172.39	1970.1	1528	907	0
171.5	1966	1529	907	0
170.89	1963.5	1530	907	0
170.63	1959.6	1531	907	0
170.33	1956.2	1532	907	0
168.63	1953.6	1533	907	0
167.37	1950.6	1534	907	0
167.18	1948	1535	907	0
166.79	1945.5	1536	907	0
166.5	1942.5	1537	907	0
165.5	1940.5	1538	907	0
165.26	1938	1539	907	0
164.37	1934.6	1540	907	0
163.36	1932.2	1541	907	0
163.21	1929.5	1542	907	0
163.5	1926.5	1543	907	0
164	1924.5	1544	907	0
164.89	1922.5	1545	907	0
166.12	1920.7	1546	907	0
166.63	1919.6	1547	907	1
166.65	1922.7	1548	907	0
167	1927	1549	907	0
166.65	1931.3	1550	907	0
166.12	1935.7	1551	907	0
166.22	1939	1552	907	0
165.88	1943.2	1553	907	0
165.12	1946.8	1554	907	0
164.5	1952	1555	907	0
1235.8	1858.8	1599	963	0
1238.7	1855.7	1600	963	0
1242.2	1852.2	1601	963	0
1244.8	1848.8	1602	963	0
1247.8	1845.8	1603	963	0
1250.2	1843.3	1604	963	0
1251.8	1841.8	1605	963	0
1253	1841	1606	963	0
1255	1839	1607	963	0
1257	1838	1608	963	0
1258.8	1836.2	1609	963	0
1259.5	1835	1610	963	0
1260.5	1833	1611	963	0
1261.5	1831.5	1612	963	1
1263.2	1830.3	1613	963	1
1263.2	1829.6	1614	963	1
1259.2	1832.6	1615	963	0
1255	1836	1616	963	0
1250	1839	1617	963	0
1245	1842	1618	963	0
1242	1845	1619	963	0
1238.5	1849	1620	963	0
1235.5	1853	1621	963	0
1232.4	1857.4	1622	963	0
1228	1862.4	1623	963	0
1224	1866	1624	963	0
1220.4	1871.1	1625	963	0
1217.5	1874.5	1626	963	0
1216.1	1876.3	1627	963	1
1218	1872.9	1628	963	0
1220.5	1870.8	1629	963	0
1223.2	1867.2	1630	963	0
1227	1864	1631	963	0
1229.5	1860.9	1632	963	0
1231.4	1858.8	1633	963	0
1233	1857.5	1634	963	0
1235	1855.5	1635	963	0
1236.8	1851.8	1636	963	0
1238.6	1848.7	1637	963	0
1241	1845	1638	963	0
1241.4	1842.8	1639	963	0
1243.5	1839	1640	963	0
1245.4	1835.4	1641	963	0
1247.4	1832.3	1642	963	0
1248.6	1829.2	1643	963	0
1553.8	889.8	1268	747	0
1550.4	887.21	1269	747	0
1548.4	882.79	1270	747	0
1546.3	879.3	1271	747	0
1544.5	876	1272	747	1
1542.5	875.5	1273	747	1
1542	877	1274	747	1
1544.3	878.3	1275	747	0
1546.8	879.84	1276	747	0
1548.6	882	1277	747	0
1549.6	885.12	1278	747	0
1550.8	887.84	1279	747	0
1553	890	1280	747	0
1555.2	891.36	1281	747	0
1556.8	893.64	1282	747	0
1560	896	1283	747	0
1563	899	1284	747	0
1565.8	900.64	1285	747	0
1569	901.5	1286	747	0
1572.8	902.36	1287	747	0
1574.4	903.21	1288	747	0
1575.5	905.5	1289	747	0
1577	908	1290	747	0
1578.8	910.64	1291	747	0
1580.5	912.5	1292	747	0
1583.8	916.21	1293	747	0
1585.4	919.21	1294	747	0
1587	922.5	1295	747	1
1587.6	926.79	1296	747	1
1587.4	927.21	1297	747	1
1586.5	923	1298	747	0
1585.1	919	1299	747	0
1583.8	914.77	1300	747	0
1583	910	1301	747	0
1582.6	905.28	1302	747	0
1581.6	900.21	1303	747	0
1582	896	1304	747	0
1582.5	891	1305	747	0
1583.5	887.5	1306	747	0
1583.6	885.21	1307	747	0
1583.5	883	1308	747	0
1582.6	880	1309	747	0
1581.5	878	1310	747	0
1580.6	875	1311	747	0
423	1102.5	762	463	0
422.35	1101	763	463	0
421.5	1099	764	463	0
420.21	1096.6	765	463	0
418.8	1094.8	766	463	0
416.36	1092.8	767	463	0
413.5	1091	768	463	0
412.36	1089.2	769	463	0
411.5	1086.5	770	463	0
409.3	1084.7	771	463	0
406.7	1081.7	772	463	0
404.5	1078.5	773	463	0
403.5	1075.5	774	463	0
402.5	1072	775	463	0
402.64	1068.8	776	463	0
401.5	1066	777	463	0
401.29	1063.4	778	463	0
400.29	1060.4	779	463	0
398.65	1058	780	463	0
398	1054.9	781	463	0
397	1052.5	782	463	0
396	1049.5	783	463	0
395.59	1046.8	784	463	0
395.89	1044.5	785	463	0
395.35	1042.7	786	463	0
395.12	1038.7	787	463	0
394.11	1035.6	788	463	0
392.75	1033.2	789	463	0
392	1029.5	790	463	0
392.52	1025.9	791	463	0
392.5	1022.8	792	463	0
392.19	1019.4	793	463	0
392.59	1015.4	794	463	0
393.5	1012.5	795	463	0
394	1010	796	463	0
393.87	1007.2	797	463	0
395.24	1003.6	798	463	0
395.88	1000.3	799	463	0
395.11	996.48	800	463	1
395.64	995.24	801	463	1
396.83	999.72	802	463	0
398	1004	803	463	0
398	1009	804	463	0
1061	873.5	1971	1151	0
1063.4	871.79	1972	1151	0
1066	870.5	1973	1151	0
1069	868.5	1974	1151	0
1072	866.5	1975	1151	0
1076	865.5	1976	1151	1
1077	865	1977	1151	1
1073.2	865.64	1978	1151	0
1069.2	866.64	1979	1151	0
1064.2	869.29	1980	1151	0
1059.5	871.5	1981	1151	0
1054.5	873	1982	1151	0
1048.8	875.36	1983	1151	0
1044.8	877.36	1984	1151	0
1041	878.83	1985	1151	0
1036	880.5	1986	1151	0
1031.3	881.3	1987	1151	0
1026.2	882.77	1988	1151	0
1019.8	884.36	1989	1151	0
1017	887	1990	1151	0
1012.8	889.36	1991	1151	0
1007.8	891.81	1992	1151	0
1003.8	894.2	1993	1151	0
1001.4	897.38	1994	1151	0
997	900	1995	1151	0
992.79	902.79	1996	1151	0
988.21	906.64	1997	1151	0
983.64	910.21	1998	1151	0
980	913.88	1999	1151	0
975.5	916.5	2000	1151	0
971	918.5	2001	1151	0
965.79	921.36	2002	1151	0
961	922.5	2003	1151	0
956	925	2004	1151	0
951.5	927	2005	1151	0
946	929.12	2006	1151	0
940.79	931.36	2007	1151	0
935.79	931.64	2008	1151	0
931.23	931.23	2009	1151	0
925.79	931.36	2010	1151	0
923	931.35	2011	1151	1
923.36	931.21	2012	1151	0
926	932.5	2013	1151	0
732.86	966	943	561	0
730.22	964.87	944	561	0
726.1	964.43	945	561	0
723.48	965.11	946	561	0
719.68	966.44	947	561	0
716	968	948	561	0
711.16	969.16	949	561	0
707.29	970.29	950	561	0
702.52	971.61	951	561	0
698.5	973.27	952	561	0
696.33	974.12	953	561	0
692.67	975.12	954	561	0
689.5	975.73	955	561	0
685.67	976.12	956	561	0
680.67	977.12	957	561	0
676.5	978.27	958	561	0
672	978.35	959	561	0
669.5	978.27	960	561	0
665.64	978.59	961	561	0
662.5	979	962	561	0
659.48	979.62	963	561	0
656.26	980.26	964	561	0
653	981.5	965	561	0
650	982.5	966	561	0
645.79	983.64	967	561	0
643	984.5	968	561	0
639.5	986.5	969	561	0
637	987	970	561	0
634	987.83	971	561	0
630	989.5	972	561	0
627	990.83	973	561	0
623.7	992.3	974	561	0
620.8	994.2	975	561	0
618.35	995	976	561	0
616	996.35	977	561	0
613.5	997.5	978	561	0
610.7	999.3	979	561	0
609.79	1000.4	980	561	0
607.79	1001.4	981	561	0
605	1002.5	982	561	0
606.7	1001.3	983	561	0
611	999.5	984	561	0
155.74	706.71	221	157	0
155.83	713.11	222	157	0
157.22	718.76	223	157	0
158.69	724.24	224	157	0
160	730.32	225	157	0
161.07	735	226	157	0
163.12	741.25	227	157	0
164.79	748.25	228	157	0
166	755	229	157	0
165.28	761.03	230	157	0
165.15	767.63	231	157	0
164.79	773.87	232	157	1
165.22	770.25	233	157	1
168.27	767.51	234	157	0
170.84	766.22	235	157	0
171.32	761.6	236	157	0
174	759	237	157	0
173	754	238	157	1
172.29	755.32	239	157	1
172.92	754.82	240	157	0
171.44	749.74	241	157	0
171.18	744.61	242	157	0
170.08	740.67	243	157	0
169.07	736.75	244	157	0
169.27	735.22	245	157	1
169.53	735.19	246	157	0
169.15	732.38	247	157	0
169.15	730.38	248	157	0
169.25	728.4	249	157	0
169.55	727.1	250	157	0
170.14	724.81	251	157	0
171.2	723.24	252	157	0
172.56	719.21	253	157	0
174.17	715.07	254	157	0
175.95	711.14	255	157	0
176.35	708.74	256	157	1
174.56	711.49	257	157	0
173.4	714.45	258	157	0
171.4	718.95	259	157	0
166.93	726.53	260	157	0
163.2	733.75	261	157	0
1999.8	763.29	2203	1285	0
2006.5	764.5	2204	1285	0
2012.5	766.9	2205	1285	0
2017.5	768.5	2206	1285	0
2023.5	768.75	2207	1285	0
2029.7	769.39	2208	1285	0
2033.3	769.88	2209	1285	1
2032	770	2210	1285	0
2028	769.5	2211	1285	0
2024.5	768.5	2212	1285	0
2019.3	767.85	2213	1285	0
2016	767	2214	1285	0
2013	767	2215	1285	0
2010.4	766.71	2216	1285	0
2007.7	766.35	2217	1285	0
2004.8	766.09	2218	1285	0
2002.1	765.33	2219	1285	0
1998.7	764.83	2220	1285	0
1994.8	763.84	2221	1285	0
1992.5	763	2222	1285	1
1995.8	761.36	2223	1285	0
2001	759.77	2224	1285	0
2005.2	757.8	2225	1285	0
2011	756.5	2226	1285	0
2016.7	754.61	2227	1285	0
2022.5	753	2228	1285	0
2027.7	751.74	2229	1285	0
2032	751.12	2230	1285	0
2035.8	749.36	2231	1285	0
2041.5	747.5	2232	1285	0
2046	746	2233	1285	1
2045	745	2234	1285	1
2042.8	747.16	2235	1285	0
2041	748.35	2236	1285	0
2039.4	749.79	2237	1285	0
2037.6	750	2238	1285	0
2035	750.65	2239	1285	0
2033	751.65	2240	1285	0
2030	753	2241	1285	0
2027.5	753.73	2242	1285	0
2026.3	755.15	2243	1285	0
649.39	1462.3	220	156	0
649.19	1459	221	156	0
648.5	1455.5	222	156	0
648.5	1451.5	223	156	0
648.62	1448.5	224	156	0
649.12	1445.7	225	156	0
649.85	1441.7	226	156	0
650.3	1436.3	227	156	0
651.3	1433.3	228	156	0
652.36	1430	229	156	0
653	1426	230	156	0
654.36	1423	231	156	0
655.5	1420	232	156	0
656	1416	233	156	0
657	1414	234	156	0
657.3	1411.3	235	156	0
656.3	1407.3	236	156	0
656	1403	237	156	0
656.5	1399.5	238	156	0
656.92	1397.8	239	156	0
658.5	1394.5	240	156	0
659.5	1391.5	241	156	0
661.3	1388.3	242	156	0
662.38	1385.9	243	156	0
664.77	1382.2	244	156	0
666.3	1380.3	245	156	0
669.29	1379.3	246	156	0
671.5	1377	247	156	0
674.16	1374.2	248	156	0
676	1371	249	156	0
678	1368.6	250	156	0
680.3	1367.2	251	156	0
682.5	1365.5	252	156	0
685.38	1363	253	156	0
687.84	1360.8	254	156	0
689.84	1358.8	255	156	0
691.84	1356.8	256	156	0
694.5	1355	257	156	0
697.3	1353.2	258	156	0
700	1351.6	259	156	0
1912.2	1178.2	703	443	0
1913.4	1177.5	704	443	0
1914.9	1176	705	443	0
1917.4	1174.7	706	443	0
1919.6	1172.6	707	443	0
1921.2	1170.9	708	443	0
1922.8	1170.8	709	443	0
1924.8	1169.4	710	443	0
1926.8	1167.2	711	443	1
1929	1166.5	712	443	1
1927	1168.8	713	443	0
1923.6	1171.6	714	443	0
1920.6	1175	715	443	0
1917.8	1177.6	716	443	0
1915.8	1182.2	717	443	0
1913.2	1186.2	718	443	0
1910.2	1190.2	719	443	0
1907.6	1194.2	720	443	0
1905.5	1200	721	443	0
1905.2	1204.5	722	443	0
1905.9	1208.3	723	443	0
1906.8	1212.8	724	443	1
1906.4	1211.7	725	443	1
1907.5	1207	726	443	1
1906.5	1203	727	443	0
1906.8	1200.2	728	443	0
1906.2	1197.3	729	443	0
1906.3	1194.5	730	443	0
1906.8	1190.8	731	443	0
1906	1188	732	443	0
1905.8	1183.7	733	443	0
1905.6	1180.5	734	443	0
1904.7	1177.1	735	443	0
1904	1174.5	736	443	0
1903.6	1170.9	737	443	0
1903.3	1167.3	738	443	0
1902.8	1164.8	739	443	0
1902.6	1164.5	740	443	0
1903.5	1169.3	741	443	0
1377	1678.1	766	465	0
1378.5	1681.5	767	465	0
1380	1686	768	465	0
1380.1	1689.9	769	465	0
1380	1693.4	770	465	0
1381.5	1697.5	771	465	0
1383.7	1701.3	772	465	0
1384.4	1704.9	773	465	0
1384.8	1708.2	774	465	0
1387.2	1711.6	775	465	0
1388.5	1715	776	465	0
1391	1718	777	465	0
1392	1721	778	465	0
1394	1723.5	779	465	0
1395.8	1726	780	465	0
1395.7	1729.3	781	465	0
1397	1733	782	465	0
1397	1736	783	465	0
1398	1739	784	465	0
1399	1743.5	785	465	0
1400	1748	786	465	0
1401	1752	787	465	0
1403	1757.5	788	465	0
1404	1762	789	465	0
1404.7	1767.3	790	465	0
1404.7	1769.7	791	465	0
1405	1773.5	792	465	0
1406.5	1778.5	793	465	0
1406.5	1783	794	465	0
1406.8	1786.2	795	465	0
1407.3	1792.3	796	465	0
1407.8	1798.4	797	465	0
1409.4	1804.8	798	465	0
1411	1809.6	799	465	0
1413	1816.6	800	465	0
1414.3	1820.7	801	465	0
1415.7	1825.5	802	465	0
1417	1830	803	465	0
2039	1903.8	1369	798	0
2039.4	1905.5	1370	798	1
2040.4	1907.4	1371	798	1
2041.8	1907.1	1372	798	1
2039.6	1899.9	1373	798	0
2037.1	1893.3	1374	798	0
2034.1	1887.6	1375	798	0
2030.5	1881.8	1376	798	0
2028.2	1876.1	1377	798	0
2026.8	1869.9	1378	798	0
2025.9	1863.5	1379	798	0
2024.7	1857.5	1380	798	0
2022.1	1851.3	1381	798	0
2019.8	1845.3	1382	798	0
2017	1838.8	1383	798	0
2013.9	1833.5	1384	798	0
2011	1826.3	1385	798	0
2007.5	1821	1386	798	0
2004.1	1814.5	1387	798	0
1999.8	1809.2	1388	798	0
1995.5	1805.5	1389	798	0
1991.6	1800	1390	798	0
1988.4	1795	1391	798	0
1986.1	1791.1	1392	798	0
1983.5	1786.8	1393	798	0
1982.7	1785.1	1394	798	1
1983.6	1787	1395	798	0
1985.2	1789	1396	798	0
1987.7	1790.5	1397	798	0
1988.1	1791	1398	798	0
1989.2	1791.7	1399	798	0
1990.8	1793.4	1400	798	0
1992.5	1794.5	1401	798	0
1993.5	1794.5	1402	798	0
1995.6	1795.4	1403	798	0
1997.7	1796.4	1404	798	0
188.22	1390	1457	847	0
186.25	1390.8	1458	847	0
187	1388.5	1459	847	0
188.68	1385.7	1460	847	0
191.32	1383	1461	847	0
193.81	1380.9	1462	847	0
197.5	1377.2	1463	847	0
199	1375.1	1464	847	1
202.68	1374	1465	847	1
205.5	1376	1466	847	1
206	1377.5	1467	847	1
206	1379.5	1468	847	0
205.5	1382.2	1469	847	0
205.38	1383.8	1470	847	0
205.74	1385	1471	847	0
206.62	1386.2	1472	847	0
208.35	1387.7	1473	847	0
209.61	1389.3	1474	847	1
208.19	1389.6	1475	847	1
203.19	1386.2	1476	847	0
198.67	1382.9	1477	847	0
196	1379.9	1478	847	0
194.16	1376.8	1479	847	0
193.16	1375.8	1480	847	1
193.16	1376.8	1481	847	1
192.84	1376.8	1482	847	1
193	1377	1483	847	1
193	1376.5	1484	847	1
192.5	1376	1485	847	0
191	1375.5	1486	847	0
190.35	1374	1487	847	0
191	1374.4	1488	847	0
1108.5	595.5	82	70	0
1104.5	594.5	83	70	0
1099.5	593.9	84	70	0
1095.7	592.88	85	70	0
1091.5	592.27	86	70	0
1088.5	592.5	87	70	0
1085.5	592	88	70	0
1083	591	89	70	0
1080	591	90	70	0
1076.2	592.16	91	70	0
1072.2	592.79	92	70	0
1069.5	593.27	93	70	0
1066.9	593	94	70	0
1064	593	95	70	0
1061	593.5	96	70	0
1057	594.35	97	70	0
1054.5	596	98	70	0
1051	596	99	70	0
1047.7	596.88	100	70	0
1044	597.35	101	70	0
1040.8	597.13	102	70	0
1037	597	103	70	0
1033.5	597.73	104	70	0
1030.5	597	105	70	0
1027.5	595.5	106	70	0
1023	594.35	107	70	0
1019.6	593	108	70	0
1015	592	109	70	0
1012.5	592.27	110	70	0
1009.3	591.15	111	70	0
1007	591	112	70	0
1372.5	1722.5	138	106	0
1369.2	1724.8	139	106	0
1365.2	1726.8	140	106	0
1361.8	1727.8	141	106	0
1358.2	1728.8	142	106	0
1355	1730.5	143	106	0
1352.5	1730.7	144	106	0
1350.8	1730.8	145	106	1
1350.3	1731.3	146	106	1
1350	1730.4	147	106	0
1349.2	1730.2	148	106	0
1348.8	1730.8	149	106	0
1349	1730.5	150	106	0
1348.8	1730.2	151	106	1
1347.8	1730.8	152	106	0
1347.5	1731	153	106	0
1347.8	1730.8	154	106	1
1347.7	1730.8	155	106	1
1347	1731	156	106	1
1347.1	1731.7	157	106	1
1347	1731	158	106	1
1347	1731.6	159	106	0
1345.3	1731.4	160	106	0
1339.5	1731.6	161	106	0
1336	1732.1	162	106	0
1331.3	1733.2	163	106	1
1331.8	1733.8	164	106	1
1333.3	1734.4	165	106	0
1335.7	1733.8	166	106	0
1338.6	1732.6	167	106	0
1340.8	1731.3	168	106	0
1325	657	539	326	0
1322	657	540	326	0
1318.5	656.62	541	326	0
1315	657	542	326	0
1311.5	656.11	543	326	0
1308.8	656.23	544	326	0
1305.3	655.88	545	326	0
1301.2	654.88	546	326	0
1298.5	655.11	547	326	0
1297.3	654.88	548	326	0
1294.8	654.88	549	326	0
1291.7	654.12	550	326	0
1288.2	653.88	551	326	0
1285	654	552	326	0
1282.3	653.88	553	326	0
1279.2	654.77	554	326	0
1276.5	654	555	326	0
1274.2	653.88	556	326	0
1270.9	654	557	326	0
1268.5	654	558	326	0
1265.7	654.24	559	326	0
1263.5	654	560	326	0
1261.3	653	561	326	0
1258.4	652.08	562	326	0
1256.1	650.13	563	326	0
1253.7	648.76	564	326	0
1251	647.5	565	326	0
1249	646.86	566	326	0
1250	646.35	567	326	0
1253.5	647.73	568	326	0
1257.3	649.76	569	326	0
1133.6	1320.3	857	510	0
1132.9	1315.5	858	510	0
1131.6	1309.3	859	510	0
1129.5	1304.5	860	510	0
1128.2	1299.3	861	510	0
1126.5	1294.5	862	510	0
1125.9	1289.5	863	510	0
1123.4	1284.2	864	510	0
1120.9	1279.2	865	510	0
1119.5	1273.5	866	510	0
1118.3	1268.3	867	510	0
1116.6	1262.3	868	510	0
1115	1258	869	510	0
1112.5	1253.5	870	510	0
1110.8	1248.5	871	510	0
1110	1242	872	510	0
1107.8	1236.5	873	510	0
1105.4	1231.7	874	510	0
1104	1226.5	875	510	0
1102.5	1219.5	876	510	0
1102.1	1215.5	877	510	0
1101.5	1209.5	878	510	0
1100.1	1205.5	879	510	1
1100.2	1204.7	880	510	1
1101.4	1207.7	881	510	0
1103	1211.5	882	510	0
1105	1215.5	883	510	0
1106.8	1218.3	884	510	0
1107.2	1220.8	885	510	0
1108.8	1223.2	886	510	0
1110.5	1226	887	510	0
1549.4	921	1479	872	0
1549.5	924	1480	872	0
1550.5	926.5	1481	872	0
1551.6	928.79	1482	872	0
1553.4	932.21	1483	872	0
1554	934.5	1484	872	0
1555.5	937	1485	872	0
1556.4	939.79	1486	872	0
1556.5	941.5	1487	872	0
1557.5	944	1488	872	0
1557.4	946.21	1489	872	0
1557.4	948.79	1490	872	0
1557.5	951	1491	872	0
1557.4	953.21	1492	872	0
1557.5	956	1493	872	0
1557.5	958.5	1494	872	0
1558.1	960.21	1495	872	0
1558.5	962.5	1496	872	1
1560	960	1497	872	0
1561.5	955.5	1498	872	0
1564.5	950.5	1499	872	0
1566.5	946	1500	872	0
1568.5	941	1501	872	0
1571.4	936.79	1502	872	0
1573.4	932.47	1503	872	0
1575.8	927.23	1504	872	0
1578.5	922.5	1505	872	0
1581.2	917.77	1506	872	0
1582.9	912.53	1507	872	0
1584.6	907.21	1508	872	0
1586.2	901	1509	872	0
704.5	975.5	2252	1292	0
701.21	976.36	2253	1292	0
698.79	977.36	2254	1292	0
695.8	977.8	2255	1292	0
692.65	979	2256	1292	0
689.16	980.16	2257	1292	0
686.74	980.53	2258	1292	0
683.7	982.85	2259	1292	0
679.86	984	2260	1292	0
677.3	986.4	2261	1292	0
674.13	988.57	2262	1292	0
672	990	2263	1292	0
668.7	992.6	2264	1292	0
664.7	995.15	2265	1292	0
662.33	997.88	2266	1292	0
659.65	1000.3	2267	1292	0
657.52	1002.1	2268	1292	0
655.14	1004	2269	1292	0
653.14	1006.4	2270	1292	0
650.33	1007.9	2271	1292	0
648.3	1009.1	2272	1292	0
645	1009	2273	1292	0
643	1009.4	2274	1292	0
641.16	1008.8	2275	1292	0
640.35	1009	2276	1292	0
639	1009	2277	1292	0
637	1008.4	2278	1292	1
637	1007.5	2279	1292	1
641.79	1007.4	2280	1292	0
647	1006.5	2281	1292	0
651.48	1005.9	2282	1292	0
1411.6	1805	930	559	0
1410	1802.6	931	559	0
1407.3	1800.7	932	559	0
1404.7	1798.2	933	559	0
1402.3	1794.1	934	559	0
1400.7	1791.2	935	559	0
1397.2	1788.8	936	559	0
1394.5	1786	937	559	0
1390.7	1784.2	938	559	0
1387.2	1781.8	939	559	0
1382.7	1778.5	940	559	0
1378.7	1777.2	941	559	0
1374.3	1775.4	942	559	0
1370.3	1773.8	943	559	0
1368.5	1772.5	944	559	0
1365.7	1771.6	945	559	1
1365	1771.4	946	559	1
1368.3	1772.7	947	559	0
1372.8	1774.8	948	559	0
1378.3	1775.5	949	559	0
1384	1778.4	950	559	0
1388.8	1781.2	951	559	0
1392.2	1782.6	952	559	1
1390.5	1782	953	559	0
1386.6	1780.6	954	559	0
1384.3	1779.1	955	559	0
1381.3	1778.1	956	559	0
1379.1	1776.5	957	559	0
1376.1	1775.5	958	559	0
1372.7	1773.8	959	559	0
347.81	718.72	511	321	0
345.06	711.94	512	321	0
342.26	704.85	513	321	0
338.45	697.27	514	321	0
334.42	690.52	515	321	0
330.94	685.09	516	321	0
326.78	678.22	517	321	1
325.62	678.3	518	321	1
328.69	683.28	519	321	0
331.39	688.81	520	321	0
333.06	694.94	521	321	0
335.09	700.74	522	321	0
336.15	705.7	523	321	0
337.94	712.03	524	321	0
338.67	718.1	525	321	0
339.28	724.12	526	321	0
340.06	728.94	527	321	1
340.65	730.9	528	321	1
341.71	732.32	529	321	1
342.43	733.51	530	321	1
342.54	735.69	531	321	0
343.58	738.97	532	321	1
345.03	740.12	533	321	1
341.18	735.3	534	321	0
337.84	729.55	535	321	0
334	725	536	321	0
328.71	718.71	537	321	0
323.39	712.97	538	321	0
317.26	707.59	539	321	0
843.36	2033.8	1101	642	0
846.21	2030.2	1102	642	0
850.5	2025	1103	642	0
854.08	2021.2	1104	642	0
857.5	2017.5	1105	642	0
862	2015.1	1106	642	0
865.79	2012.4	1107	642	0
870	2009.1	1108	642	0
874.21	2005.2	1109	642	0
877.64	2001.2	1110	642	0
881	1997.1	1111	642	0
884.62	1993.6	1112	642	0
888.5	1990.5	1113	642	0
893	1987.5	1114	642	0
896	1986	1115	642	0
898	1984	1116	642	0
900.64	1982.2	1117	642	0
902.93	1979.2	1118	642	0
905	1976	1119	642	0
905.5	1974	1120	642	0
907.16	1972.2	1121	642	0
909.38	1970	1122	642	0
910.61	1967.7	1123	642	0
912.5	1965	1124	642	0
914.5	1962.5	1125	642	0
916.5	1959.5	1126	642	0
918.8	1956.2	1127	642	0
919.65	1954	1128	642	0
917.23	1957.8	1129	642	0
745.8	64.8	1129	671	0
750	67.5	1130	671	0
754	70	1131	671	0
758.47	73.118	1132	671	0
764.35	77	1133	671	0
768	79.5	1134	671	0
773	83.5	1135	671	0
778.16	87.842	1136	671	0
782.84	91.158	1137	671	0
787.16	95.842	1138	671	0
792.6	100.1	1139	671	0
798.5	102	1140	671	0
803	104	1141	671	0
806.67	106.12	1142	671	0
811.86	108	1143	671	0
814.35	109.35	1144	671	1
814.39	109.52	1145	671	1
814	110	1146	671	0
817.2	111.2	1147	671	0
823.74	113.26	1148	671	0
829.7	116.15	1149	671	0
832.65	117.65	1150	671	0
834.24	118.36	1151	671	0
836.48	120.89	1152	671	1
835.65	119.65	1153	671	0
832.86	117	1154	671	0
828.16	114.84	1155	671	0
824	113	1156	671	0
820	111.5	1157	671	0
1574.2	336.2	1448	841	0
1571.8	333.16	1449	841	0
1573.8	335.16	1450	841	0
1578	338	1451	841	0
1581.8	341.28	1452	841	0
1586	343.88	1453	841	0
1591	346.88	1454	841	0
1594.8	349.16	1455	841	0
1598.5	351.1	1456	841	0
1603.5	353.1	1457	841	0
1608.2	354.84	1458	841	0
1612.3	357.22	1459	841	0
1616.9	359.71	1460	841	0
1620.7	360.88	1461	841	0
1625.3	362.12	1462	841	0
1630.1	363.77	1463	841	0
1635.1	366	1464	841	0
1639.6	367.76	1465	841	0
1643.3	369.12	1466	841	0
1647.5	371.73	1467	841	0
1651.4	374.71	1468	841	0
1654.6	377.76	1469	841	0
1659.4	380.59	1470	841	0
1663.5	383.5	1471	841	0
1666.8	386.64	1472	841	0
1668.7	390.5	1473	841	0
1672.2	394.25	1474	841	0
1674.1	398.87	1475	841	0
1677.3	402.85	1476	841	0
320.69	555.28	1929	1134	0
315.93	559.39	1930	1134	0
310.58	564.42	1931	1134	0
305.24	568.24	1932	1134	0
299	571.19	1933	1134	0
293	574	1934	1134	0
286.88	578	1935	1134	0
280.36	581.76	1936	1134	0
275.14	585	1937	1134	0
269.9	588.29	1938	1134	0
264.6	590.9	1939	1134	0
262.48	592.38	1940	1134	1
264.7	590.85	1941	1134	0
268.48	590.38	1942	1134	0
270.65	592.35	1943	1134	0
272.35	593.35	1944	1134	0
273.5	595	1945	1134	0
275.21	596.5	1946	1134	0
276.15	598.73	1947	1134	0
278.18	600.82	1948	1134	0
278.94	602.35	1949	1134	0
280.78	603.67	1950	1134	0
282.5	604.5	1951	1134	0
283.78	605.87	1952	1134	0
286.12	607.33	1953	1134	0
287.88	610.67	1954	1134	0
288.73	613.05	1955	1134	0
289.78	615.7	1956	1134	0
291.78	618.7	1957	1134	0
1385.3	1424.1	2229	1290	0
1381.4	1425	2230	1290	0
1379.2	1426.2	2231	1290	0
1376.2	1427.2	2232	1290	0
1373	1428.5	2233	1290	0
1370.2	1429.8	2234	1290	0
1367.2	1432.2	2235	1290	0
1363.7	1433.6	2236	1290	0
1360	1436	2237	1290	0
1357	1438.5	2238	1290	0
1354.2	1440.2	2239	1290	0
1351.8	1442.8	2240	1290	0
1349.2	1445.6	2241	1290	0
1346.5	1447.5	2242	1290	0
1344	1448.5	2243	1290	0
1340.7	1450.2	2244	1290	0
1338.2	1452.2	2245	1290	1
1335.8	1452.8	2246	1290	1
1337	1451.5	2247	1290	1
1341	1450.5	2248	1290	0
1343.4	1449	2249	1290	0
1344.8	1447.8	2250	1290	0
1346	1446.6	2251	1290	0
1348.2	1445.2	2252	1290	0
1350.6	1444.2	2253	1290	0
1353	1443.2	2254	1290	0
1356.2	1443.4	2255	1290	0
1358.4	1442	2256	1290	0
1361	1441	2257	1290	0
1130.2	565.84	1291	749	0
1129.5	563.5	1292	749	0
1128.5	560.5	1293	749	0
1127.8	558.16	1294	749	0
1127	555.86	1295	749	0
1126.5	553.5	1296	749	0
1125.8	550.7	1297	749	0
1126.3	548.5	1298	749	0
1126.1	546.33	1299	749	0
1126	545	1300	749	0
1125.8	543.16	1301	749	0
1124.8	541.3	1302	749	0
1124.1	538.33	1303	749	0
1123.6	536.48	1304	749	0
1122.2	534.3	1305	749	0
1122	532	1306	749	0
1120.7	529.29	1307	749	0
1120	526.5	1308	749	0
1119	524.5	1309	749	0
1118	522	1310	749	0
1117.3	519.35	1311	749	0
1116	517	1312	749	0
1114.7	514.88	1313	749	0
1112.7	512.65	1314	749	0
1111.1	509.52	1315	749	0
1110.6	507.16	1316	749	0
1110.9	507.8	1317	749	0
762.52	1383.6	1848	1089	0
766.3	1384.8	1849	1089	0
768.84	1386.2	1850	1089	0
771.84	1388.2	1851	1089	0
774.85	1390.3	1852	1089	0
776.73	1392.5	1853	1089	0
778.32	1394	1854	1089	0
780.29	1396.6	1855	1089	0
782.7	1399.8	1856	1089	0
785.35	1401.3	1857	1089	0
788.1	1403.9	1858	1089	0
790.1	1406.3	1859	1089	0
792	1409.3	1860	1089	0
794.3	1412	1861	1089	0
797	1415.2	1862	1089	0
799.86	1418	1863	1089	0
801.84	1419.8	1864	1089	0
803.16	1423.2	1865	1089	0
804.79	1426.2	1866	1089	0
805	1429.4	1867	1089	0
807	1432.5	1868	1089	0
807.8	1435.8	1869	1089	0
807.5	1438.5	1870	1089	0
808.36	1440.8	1871	1089	1
808	1441.5	1872	1089	1
808.5	1442.5	1873	1089	0
809	1442	1874	1089	0
76	1730.4	1993	1154	0
74	1729.4	1994	1154	0
73	1728.4	1995	1154	0
71.842	1727.8	1996	1154	0
70	1727.5	1997	1154	0
67.158	1726.2	1998	1154	0
65.353	1725	1999	1154	0
64	1723	2000	1154	0
62	1721.5	2001	1154	0
59.471	1719.9	2002	1154	0
57.5	1719	2003	1154	0
55.786	1717.4	2004	1154	0
52.786	1715.4	2005	1154	0
50.357	1713.8	2006	1154	0
48	1712.6	2007	1154	0
44.158	1712.2	2008	1154	0
41.786	1711.4	2009	1154	0
38	1709.6	2010	1154	0
35.278	1709.4	2011	1154	0
32.353	1709	2012	1154	0
29.647	1709	2013	1154	0
27	1707.5	2014	1154	0
25.158	1707.2	2015	1154	0
24	1707.5	2016	1154	0
20.842	1706.2	2017	1154	0
18.5	1705.5	2018	1154	0
16.5	1703	2019	1154	0
1160	1322.1	362	227	0
1160.7	1326.5	363	227	0
1161.5	1329	364	227	0
1161.5	1331.7	365	227	0
1162.5	1334.5	366	227	0
1162.4	1337	367	227	0
1162.5	1339	368	227	0
1162.4	1341.7	369	227	0
1162.5	1344.5	370	227	0
1162.5	1348	371	227	0
1162.2	1350.7	372	227	0
1161.5	1353	373	227	0
1161.4	1355.8	374	227	0
1161.6	1358.6	375	227	0
1162	1361	376	227	0
1161	1364	377	227	1
1161.3	1365.3	378	227	1
1161	1364	379	227	0
1161.8	1361.2	380	227	0
1162	1357.4	381	227	0
1163.2	1355.2	382	227	0
1163	1352	383	227	0
1163.5	1349	384	227	0
1162.8	1345.2	385	227	0
1162.8	1342.3	386	227	0
1163	1340.9	387	227	0
1859.8	725.84	1960	1141	0
1858.6	724	1961	1141	0
1859.6	728.47	1962	1141	0
1861.5	735	1963	1141	0
1863.3	738.5	1964	1141	1
1862.8	736.84	1965	1141	0
1861.3	733.26	1966	1141	0
1860.8	729.16	1967	1141	0
1860.2	726.36	1968	1141	0
1859.4	724.21	1969	1141	0
1858.5	722.5	1970	1141	0
1858	721	1971	1141	0
1856.8	718.8	1972	1141	0
1855.2	715.36	1973	1141	0
1853.5	713.5	1974	1141	0
1850.5	712.5	1975	1141	0
1849	712	1976	1141	0
1848	712	1977	1141	0
1847	709	1978	1141	0
1846	709	1979	1141	0
1846	708	1980	1141	0
1846.5	706.5	1981	1141	0
1846.3	705.3	1982	1141	0
1845.5	706	1983	1141	0
1845	704.65	1984	1141	0
1844.5	703.5	1985	1141	0
1054.7	196.61	1301	753	0
1051.7	197.89	1302	753	0
1049.5	199.5	1303	753	0
1047.2	201.08	1304	753	0
1045.6	203.24	1305	753	0
1043.7	204.68	1306	753	0
1040.5	207	1307	753	0
1038.4	208.48	1308	753	0
1036.3	210.42	1309	753	0
1034	212.5	1310	753	0
1031.7	213.22	1311	753	0
1028.8	214.84	1312	753	0
1026.9	217.22	1313	753	0
1024.8	219.84	1314	753	0
1022.5	223	1315	753	0
1021.3	225.9	1316	753	0
1018.8	229.3	1317	753	0
1017.5	231.5	1318	753	0
1016.8	233.84	1319	753	0
1015	237	1320	753	0
1014	239.5	1321	753	0
1012.8	241.84	1322	753	0
1011	244.5	1323	753	0
1009.6	247.1	1324	753	0
1007.7	250.1	1325	753	0
1074.5	547.5	1708	998	0
1071.5	549.5	1709	998	0
1069.3	552.11	1710	998	0
1067.5	553.5	1711	998	0
1065.5	554.59	1712	998	0
1063.7	556.12	1713	998	0
1062	556.22	1714	998	0
1059.9	558.87	1715	998	0
1057.7	561.68	1716	998	0
1055	564.5	1717	998	0
1053.3	567.32	1718	998	0
1051.3	570.67	1719	998	0
1050	572.5	1720	998	0
1047.9	574.22	1721	998	0
1046	576.5	1722	998	0
1044	578.38	1723	998	0
1042.7	581.1	1724	998	0
1042	583.5	1725	998	0
1040.9	586.33	1726	998	0
1040.2	588.16	1727	998	0
1038.3	590.9	1728	998	0
1036.9	592.33	1729	998	0
1035.7	593.95	1730	998	0
1035.9	595.95	1731	998	0
1035.5	597.5	1732	998	0
43.167	1470.2	1922	1132	0
47.333	1473.1	1923	1132	0
52.217	1476	1924	1132	0
55.842	1479.2	1925	1132	0
59	1483.4	1926	1132	0
62.409	1487.1	1927	1132	0
65.842	1490.2	1928	1132	1
66.5	1491.5	1929	1132	1
66.357	1490.8	1930	1132	1
64.13	1489.5	1931	1132	0
62.158	1487.8	1932	1132	0
58.5	1486	1933	1132	0
56.217	1483.1	1934	1132	0
54.286	1481.7	1935	1132	0
52.263	1480.3	1936	1132	1
53	1481	1937	1132	0
53.235	1481.9	1938	1132	0
54	1482	1939	1132	0
53.409	1483.1	1940	1132	1
53.5	1483	1941	1132	0
52.2	1484.2	1942	1132	0
51.548	1485.8	1943	1132	1
51.645	1485.7	1944	1132	0
51.5	1487.8	1945	1132	0
1274.4	1562	473	292	0
1273.6	1560	474	292	0
1273.2	1557.8	475	292	0
1272.5	1556	476	292	0
1271.5	1554	477	292	0
1270.5	1552	478	292	0
1269.4	1549.7	479	292	0
1269.1	1547	480	292	0
1268.5	1543.5	481	292	0
1267.4	1539.7	482	292	0
1266.5	1537	483	292	0
1265.5	1534	484	292	0
1265.6	1531.3	485	292	0
1265	1529	486	292	0
1264.7	1526.3	487	292	0
1264.2	1523.8	488	292	0
1263	1520.2	489	292	0
1261.4	1517.8	490	292	0
1261.4	1513.8	491	292	0
1261.5	1510	492	292	0
1261.5	1506	493	292	0
1261.5	1504.3	494	292	0
1261.1	1501.5	495	292	0
670.3	303.15	1251	730	0
673.5	305.27	1252	730	0
677.14	308	1253	730	0
680.16	312.16	1254	730	0
683.5	315	1255	730	0
685.81	318	1256	730	0
689.36	320.24	1257	730	0
694.33	323.12	1258	730	0
697.22	325.33	1259	730	0
700.24	328.36	1260	730	0
702.78	331.87	1261	730	0
705.5	334.73	1262	730	0
707.78	336.87	1263	730	0
711	339.5	1264	730	0
713.71	342.9	1265	730	0
716	345.62	1266	730	0
718.84	348.16	1267	730	0
721.16	349.84	1268	730	0
723.74	351.84	1269	730	0
726.84	353.16	1270	730	0
730.16	354.84	1271	730	0
733	355.5	1272	730	0
735.16	356.84	1273	730	0
670.72	361.39	1308	757	0
664.21	361.36	1309	757	0
658.7	360.15	1310	757	0
653	360.5	1311	757	0
647.5	361.5	1312	757	0
642.5	362.5	1313	757	0
635.47	362.87	1314	757	0
630	362.5	1315	757	0
625	362.5	1316	757	0
618.75	362.21	1317	757	0
613.5	361.5	1318	757	0
607.63	360	1319	757	0
603.48	358.61	1320	757	0
600.5	358	1321	757	1
603.17	357.9	1322	757	0
607.63	359	1323	757	0
611.7	360.78	1324	757	0
616.33	362.12	1325	757	0
619.67	362.88	1326	757	0
622.5	363.73	1327	757	0
625.48	364.1	1328	757	0
628.72	364.39	1329	757	0
631.5	365.5	1330	757	0
1639.6	164.79	2018	1180	0
1641.4	162	2019	1180	0
1642.2	159.2	2020	1180	0
1642.2	156.3	2021	1180	0
1643.4	153.29	2022	1180	0
1645	150.86	2023	1180	0
1645.3	148.65	2024	1180	0
1645.6	146.24	2025	1180	0
1647	143.5	2026	1180	0
1648	141	2027	1180	0
1649.2	137.68	2028	1180	0
1650.9	135.22	2029	1180	0
1652.3	132.65	2030	1180	0
1653.9	129.87	2031	1180	0
1654.7	127.35	2032	1180	0
1656	124.5	2033	1180	0
1657	121.5	2034	1180	0
1658.1	118.48	2035	1180	0
1659.1	115.67	2036	1180	0
1660.3	112.65	2037	1180	1
1660.1	113.13	2038	1180	0
1658	116	2039	1180	0
1656.9	120	2040	1180	0
1674.1	1087.5	1443	838	0
1676.2	1092	1444	838	0
1677.5	1097.4	1445	838	0
1678.5	1102.3	1446	838	0
1680.6	1107.2	1447	838	0
1681.5	1111	1448	838	0
1681.5	1114.5	1449	838	0
1682.2	1116.4	1450	838	1
1683	1114	1451	838	0
1682.7	1108.7	1452	838	0
1682.5	1104.5	1453	838	0
1683.8	1099.2	1454	838	0
1686.3	1094.2	1455	838	0
1690.3	1089.4	1456	838	0
1693.8	1085.2	1457	838	0
1696.6	1080.2	1458	838	0
1699.8	1074.2	1459	838	0
1704.2	1069.2	1460	838	0
1708.5	1063.5	1461	838	0
1713.4	1058.4	1462	838	0
1718.5	1054.5	1463	838	0
74.652	1500.3	1864	1095	0
71	1497	1865	1095	0
65.348	1493.7	1866	1095	0
59.783	1490	1867	1095	0
54.5	1487	1868	1095	0
49.8	1483.2	1869	1095	0
45.25	1479.9	1870	1095	0
39.739	1477.2	1871	1095	0
35.192	1474.7	1872	1095	0
31	1472	1873	1095	0
26.833	1469.2	1874	1095	0
25.871	1468.3	1875	1095	1
30.2	1470.3	1876	1095	0
34.2	1472.3	1877	1095	0
37.667	1473.9	1878	1095	0
41.478	1475.6	1879	1095	1
39.333	1475.1	1880	1095	0
36.667	1473.9	1881	1095	0
33.333	1472.1	1882	1095	0
29.871	1470.3	1883	1095	0
26.844	1468.4	1884	1095	0
1646.8	1191.7	388	247	0
1645.3	1194.9	389	247	0
1644.3	1198.5	390	247	0
1644.1	1201.7	391	247	0
1643.8	1204.4	392	247	0
1642.8	1207.1	393	247	0
1640.7	1210.5	394	247	0
1639.8	1213.2	395	247	0
1638.1	1215.7	396	247	0
1636.2	1219.2	397	247	0
1634.3	1221.2	398	247	0
1632.2	1224.2	399	247	0
1629.6	1226.2	400	247	0
1628.3	1229.1	401	247	0
1627	1231.5	402	247	0
1625.8	1234.1	403	247	0
1624.5	1236.9	404	247	0
1623.9	1240.2	405	247	0
1622.8	1242.2	406	247	0
1224.4	1881.8	1682	993	0
1222.4	1887.8	1683	993	0
1220.5	1893.5	1684	993	0
1219.5	1898.5	1685	993	0
1218.2	1905.5	1686	993	0
1217	1911.4	1687	993	0
1215.9	1916.6	1688	993	0
1215.8	1920.8	1689	993	0
1215.6	1926.9	1690	993	0
1215.4	1932.8	1691	993	0
1214.5	1938.5	1692	993	0
1212.5	1943.5	1693	993	1
1212.2	1944.6	1694	993	1
1212.8	1941.7	1695	993	0
1213.5	1937.5	1696	993	0
1212.5	1933.5	1697	993	0
1212.3	1928.7	1698	993	0
1212.6	1924.2	1699	993	0
1213	1920	1700	993	0
334.5	65.214	2261	1295	0
333.76	62.68	2262	1295	0
334.21	60.5	2263	1295	0
334.5	59.214	2264	1295	0
333.54	59.464	2265	1295	0
334.37	58.633	2266	1295	0
334.21	57.5	2267	1295	0
334.5	57.214	2268	1295	0
334.65	55.654	2269	1295	1
334.72	55.345	2270	1295	0
334.63	54.367	2271	1295	1
335.21	55.5	2272	1295	1
335.5	55.5	2273	1295	1
335	55.5	2274	1295	0
332.5	51.833	2275	1295	0
325.77	50.591	2276	1295	0
319.5	49.5	2277	1295	0
313.5	48.5	2278	1295	0
310.5	48.273	2279	1295	0
901	1980.5	602	361	0
903.64	1977.2	603	361	0
905.12	1974	604	361	0
907.5	1971	605	361	0
909.5	1968.5	606	361	0
911.36	1965.8	607	361	0
913.12	1963	608	361	0
915.64	1959.2	609	361	0
918	1955.5	610	361	0
920	1953.5	611	361	0
921.79	1951.4	612	361	1
922.5	1951.5	613	361	1
919.5	1956.5	614	361	0
916.5	1960.5	615	361	0
913.62	1963.9	616	361	0
912.5	1965.5	617	361	0
911	1967.5	618	361	0
910	1969	619	361	0
429.28	839.91	414	253	0
434.28	841.69	415	253	0
439.8	845.05	416	253	0
444.5	847.5	417	253	0
449.64	851.21	418	253	0
454.66	854.29	419	253	0
459.78	858.22	420	253	0
464.5	862	421	253	0
468.82	864.39	422	253	0
474.33	867.56	423	253	0
480	871.09	424	253	0
485	875.5	425	253	0
489.86	880.08	426	253	0
494.45	884.79	427	253	0
497.64	887.21	428	253	0
498.89	888.49	429	253	0
499.79	889.05	430	253	0
657.16	1814.2	529	323	0
654	1816.6	530	323	0
650.64	1819.2	531	323	0
648.5	1822.3	532	323	0
646.43	1826.8	533	323	0
642.9	1831.3	534	323	0
640.36	1834.8	535	323	0
636.87	1837.5	536	323	0
633.5	1841	537	323	0
629.86	1844	538	323	0
626.74	1846.2	539	323	0
624.67	1848.1	540	323	0
621.25	1849.8	541	323	0
618.16	1851.2	542	323	0
615.16	1852.2	543	323	0
616.7	1852.7	544	323	0
621.16	1849.2	545	323	0
1901.4	1212.6	768	451	0
1897.9	1212.6	769	451	0
1894.7	1210.8	770	451	0
1891.6	1209.7	771	451	0
1888.2	1209.8	772	451	0
1884.8	1209.8	773	451	0
1882	1210	774	451	0
1879.4	1210.6	775	451	0
1876.5	1210.7	776	451	0
1873.8	1209.3	777	451	0
1870.7	1208.8	778	451	0
1866.6	1207.6	779	451	0
1862.9	1207.6	780	451	0
1859.7	1206.8	781	451	0
1855.8	1205.8	782	451	0
1853.8	1204.8	783	451	0
1851.6	1204.6	784	451	0
1430.5	1825.5	884	535	0
1428.5	1823	885	535	0
1427.3	1820.7	886	535	0
1426.5	1819	887	535	0
1425.8	1817.2	888	535	0
1425.4	1814.7	889	535	0
1424.7	1812.3	890	535	0
1424.6	1809.3	891	535	0
1423.6	1805.3	892	535	0
1422.5	1803	893	535	0
1421.5	1801	894	535	0
1422.5	1799	895	535	0
1421.8	1797.2	896	535	0
1421	1794	897	535	0
1419	1791	898	535	0
1416.8	1788.8	899	535	0
1415.6	1787	900	535	0
1844	720	2017	1161	0
1847.8	717.2	2018	1161	0
1846	719	2019	1161	0
1841.8	721.84	2020	1161	0
1837	724.5	2021	1161	0
1833.7	726.61	2022	1161	0
1829	728.5	2023	1161	0
1826.5	730.65	2024	1161	0
1822.2	733.28	2025	1161	0
1817.8	736.64	2026	1161	0
1813.5	739.5	2027	1161	0
1808.8	742	2028	1161	0
1803.2	745.64	2029	1161	0
1798.7	749.3	2030	1161	0
1794.2	752.28	2031	1161	0
1790.2	755.28	2032	1161	0
1785.2	759.16	2033	1161	0
757	1523.6	338	216	0
762.33	1528.3	339	216	0
767.3	1531.8	340	216	1
766.67	1531.9	341	216	1
763.33	1530.1	342	216	0
759.87	1528.5	343	216	0
756.33	1526.1	344	216	0
753.33	1524.1	345	216	0
750.48	1522.6	346	216	0
746.5	1520.7	347	216	0
742.67	1518.9	348	216	0
739.52	1517.4	349	216	0
737.14	1516	350	216	0
734.22	1513.1	351	216	0
731.29	1511.7	352	216	0
728.5	1509	353	216	0
579.13	1392	1467	850	0
576.1	1388.9	1468	850	0
572.1	1387.7	1469	850	0
569.7	1386.2	1470	850	0
568.7	1384.2	1471	850	1
568	1383.6	1472	850	1
567.16	1382.8	1473	850	1
566.16	1381.8	1474	850	1
566	1381.5	1475	850	0
565.84	1380.2	1476	850	0
565	1378.4	1477	850	1
565.5	1378.5	1478	850	1
565	1378	1479	850	1
566	1379.4	1480	850	1
565	1379	1481	850	0
564.84	1379.2	1482	850	0
568.16	1087.2	850	505	0
566.26	1088.5	851	505	0
565	1089	852	505	0
564	1090	853	505	0
563.64	1090.2	854	505	0
562.12	1091	855	505	1
560.17	1091.1	856	505	1
559.22	1091.7	857	505	1
560.9	1090.1	858	505	0
566.7	1086.8	859	505	0
573.86	1085	860	505	0
578.68	1082.3	861	505	0
584.5	1079.3	862	505	0
589.5	1076	863	505	0
594.67	1071.8	864	505	0
1788.4	385.28	1018	601	0
1788.6	383.48	1019	601	0
1789.1	379.67	1020	601	0
1788.8	376.7	1021	601	0
1789.5	373.5	1022	601	0
1789	370.5	1023	601	0
1789.1	367.33	1024	601	0
1788.2	364.17	1025	601	0
1787.7	360.5	1026	601	0
1785.8	357.3	1027	601	0
1784.7	354.5	1028	601	0
1783	352.5	1029	601	0
1782.1	349.33	1030	601	0
1781.9	345.67	1031	601	0
1780.9	342.67	1032	601	0
812	664.5	1618	948	0
809.35	663.65	1619	948	0
807.67	662.88	1620	948	0
805.84	662.16	1621	948	0
803.53	661.74	1622	948	0
802	660	1623	948	0
798.84	657.16	1624	948	0
796.16	655.84	1625	948	0
794.84	654.16	1626	948	0
794	651	1627	948	1
795.16	653.84	1628	948	0
797.16	656.84	1629	948	0
800.1	661.48	1630	948	0
802.5	665	1631	948	0
804.16	667.84	1632	948	0
404.9	503.1	1888	1116	0
399.23	506.77	1889	1116	0
393.52	510.59	1890	1116	0
388.37	514.52	1891	1116	0
382.8	518.32	1892	1116	0
376	523	1893	1116	0
368.68	527.68	1894	1116	0
362.5	532	1895	1116	0
357.81	535.35	1896	1116	1
359.96	535.11	1897	1116	0
362.5	533	1898	1116	1
363	530	1899	1116	0
362.65	528	1900	1116	0
363.15	527.3	1901	1116	0
364.65	525	1902	1116	0
1170.5	601	2171	1247	0
1169.4	603.79	2172	1247	0
1168.5	606	2173	1247	0
1166.5	608	2174	1247	0
1164.6	610.21	2175	1247	0
1163.5	612	2176	1247	0
1162.5	615	2177	1247	0
1161.5	617.5	2178	1247	0
1160	620	2179	1247	0
1159.5	622.5	2180	1247	0
1158.4	624.79	2181	1247	0
1157.2	626.8	2182	1247	0
1155.5	629	2183	1247	0
1153	630.5	2184	1247	0
1151.4	631.79	2185	1247	0
453.72	423.48	716	423	0
455.97	416.77	717	423	0
456.5	409	718	423	0
457.5	402	719	423	0
459.29	396.32	720	423	0
464	389.5	721	423	0
466.71	383.66	722	423	0
469.48	377.57	723	423	0
472.18	372.27	724	423	0
473.24	369.7	725	423	1
471.38	374.3	726	423	0
469.55	379.45	727	423	0
468.66	384.68	728	423	0
467.78	390.61	729	423	0
1341.5	1434.5	1107	646	0
1338	1434	1108	646	0
1335	1433.6	1109	646	0
1331.2	1434.4	1110	646	0
1327.8	1435.4	1111	646	0
1324	1436.5	1112	646	0
1320	1437	1113	646	0
1316.5	1437	1114	646	0
1313.2	1437.6	1115	646	0
1309	1438.5	1116	646	0
1305.5	1439	1117	646	0
1302	1439.5	1118	646	0
1300	1439.5	1119	646	0
1306.2	1436.8	1120	646	0
191.67	1389.8	1520	885	0
192	1392.5	1521	885	0
192.27	1395.5	1522	885	0
192.61	1398.7	1523	885	0
192.16	1401.2	1524	885	0
192.84	1402.8	1525	885	0
192.85	1404.7	1526	885	1
191.88	1405.7	1527	885	1
192.62	1402.5	1528	885	0
193.35	1399	1529	885	0
193.5	1395.5	1530	885	0
192.78	1392	1531	885	0
192.11	1388.6	1532	885	0
185.5	1878.5	253	163	0
183.35	1876	254	163	0
181	1874.5	255	163	0
177.7	1873.7	256	163	0
174.36	1872.8	257	163	1
175	1873	258	163	0
180.3	1875.3	259	163	0
186	1878	260	163	0
190.7	1879.7	261	163	0
197	1883	262	163	0
202.5	1885.5	263	163	0
209.3	1887.3	264	163	0
1913	1293	264	171	0
1918	1296	265	171	0
1921.4	1298.6	266	171	0
1925	1301.1	267	171	0
1929	1304.1	268	171	0
1932.3	1307.8	269	171	0
1936	1311	270	171	0
1940.2	1313.8	271	171	0
1944.5	1317.5	272	171	0
1948.3	1320.2	273	171	0
1953.7	1322.7	274	171	0
1959.5	1325	275	171	0
1139.5	165.5	618	370	0
1139.7	162	619	370	0
1139.8	159.3	620	370	1
1138.6	160.72	621	370	1
1137.6	165.47	622	370	0
1137.3	170.5	623	370	0
1137.5	174.5	624	370	0
1137.4	178.77	625	370	0
1137	182.5	626	370	0
1136.5	187.5	627	370	0
1135.9	190.95	628	370	0
1136.4	195.23	629	370	0
1028.8	1025.8	822	485	0
1030.2	1023.7	823	485	0
1030.8	1020.7	824	485	0
1032.6	1017.1	825	485	0
1035	1015	826	485	0
1036	1013	827	485	0
1037.1	1010.7	828	485	0
1038.3	1008.7	829	485	0
1039.7	1007.3	830	485	0
1040.3	1004.7	831	485	0
1041.5	1002.1	832	485	0
1042.9	999.52	833	485	0
1184	1911	1793	1055	0
1185.5	1909	1794	1055	0
1186.5	1906	1795	1055	0
1187.9	1903.4	1796	1055	0
1190	1899	1797	1055	0
1191	1897	1798	1055	1
1187	1903	1799	1055	0
1184	1908	1800	1055	0
1179	1913	1801	1055	0
1176.4	1919	1802	1055	0
1174.8	1921.8	1803	1055	0
1171.5	1926	1804	1055	0
692	1116	2154	1237	0
689.17	1112	2155	1237	0
685	1107.5	2156	1237	0
681.7	1103.8	2157	1237	0
677.84	1099.2	2158	1237	0
674.8	1095.2	2159	1237	0
672	1091	2160	1237	0
669.64	1087.8	2161	1237	1
670	1088.5	2162	1237	0
672	1092.8	2163	1237	0
674.5	1096	2164	1237	0
676.21	1099.6	2165	1237	0
1593.5	720.73	522	309	0
1593.5	720.61	523	309	0
1591.6	717.59	524	309	0
1590.4	713.79	525	309	0
1589.4	708.21	526	309	0
1588.2	703.84	527	309	0
1586.2	700.84	528	309	0
1585.1	697.1	529	309	0
1583.8	694.3	530	309	0
1582.6	692.52	531	309	0
1581.4	689.72	532	309	0
1191.3	1288.7	749	445	0
1190.3	1291.6	750	445	0
1190	1295	751	445	0
1189.9	1298.2	752	445	0
1189.5	1300.5	753	445	0
1189.2	1303.7	754	445	0
1189.5	1306.5	755	445	0
1189.5	1309.5	756	445	0
1189	1312	757	445	0
1189	1314.1	758	445	0
1189.5	1317.5	759	445	0
769.29	123.71	826	488	0
770	126.14	827	488	0
771.65	127.65	828	488	0
772	131.14	829	488	0
772.5	134.21	830	488	0
773	137.5	831	488	0
773	140.14	832	488	0
773.41	143.81	833	488	0
773.33	146.88	834	488	0
773.86	150	835	488	0
774	153.32	836	488	0
971.16	698.84	1455	845	0
969.16	696.84	1456	845	0
967.52	694.13	1457	845	0
966.64	691.76	1458	845	0
963.74	690.39	1459	845	0
961.72	688.34	1460	845	0
960.37	684.63	1461	845	0
959.32	682	1462	845	0
956.65	678.65	1463	845	0
954.21	676.5	1464	845	0
951.86	675	1465	845	0
1080.9	562.13	1834	1086	0
1080.5	561.79	1835	1086	1
1079.6	560.37	1836	1086	1
1078.7	559.35	1837	1086	1
1077.7	558.88	1838	1086	1
1076.8	557.7	1839	1086	0
1074	556.9	1840	1086	0
1069.3	557.39	1841	1086	0
1063.3	556.61	1842	1086	0
1057.7	555.17	1843	1086	0
1051.3	552.12	1844	1086	0
1453.5	1162	537	325	0
1447.3	1158.6	538	325	0
1442.5	1157.5	539	325	0
1437.5	1156.5	540	325	0
1433.3	1154.6	541	325	0
1429.8	1154.2	542	325	1
1431.3	1154.4	543	325	0
1435.5	1154.2	544	325	0
1438.8	1154.2	545	325	0
1441.7	1155.4	546	325	0
225.5	821.79	666	398	0
223.1	819.48	667	398	0
221.37	816.63	668	398	0
219.63	814.63	669	398	0
218.93	813.61	670	398	1
221.81	814.41	671	398	0
225.79	815.5	672	398	0
229.21	817.5	673	398	0
232	818.5	674	398	0
234.52	821.11	675	398	0
1949.2	1432.8	1375	786	0
1946.6	1431.1	1376	786	0
1944.2	1429.7	1377	786	0
1941.8	1428.2	1378	786	0
1939	1426.6	1379	786	0
1936.7	1425.2	1380	786	0
1934	1422.5	1381	786	0
1931.6	1421.4	1382	786	0
1929	1419	1383	786	0
1926.2	1417.8	1384	786	0
1922.9	1416.7	1385	786	0
